Romania,42
