Date,State,Country,Cumulative_cases,Cumulative_death,Daily_cases,Daily_death,Latitude,Longitude,Temperature,Min_temperature,Max_temperature,Wind_speed,Precipitation,Fog_Presence,Population,Population Density/km,Median_Age,Sex_Ratio,Age%_65+,Hospital Beds/1000,Available Beds/1000,Confirmed Cases/1000,Lung Patients (F),Lung Patients (M),Life Expectancy (M),Life Expectancy (F),Total_tests_conducted,Out_Travels (mill.),In_travels(mill.),Domestic_Travels (mill.)
22-01-2020,,Bahrain,0,0,0,0,26.0275,50.55,20.11,17.72,23.5,7.9,99.99,1,1701575,2239,32,0.95,3.08,6.8,2.04,0.000,13.83,22.39,76.9,81.5,33852,2.86,12.045,3.809
23-01-2020,,Bahrain,0,0,0,0,26.0275,50.55,15.17,12,18,14.8,0.36,1,1701575,2239,32,0.95,3.08,6.8,2.04,0.000,13.83,22.39,76.9,81.5,33852,2.86,12.045,3.809
24-01-2020,,Bahrain,0,0,0,0,26.0275,50.55,15.5,13.72,17.11,7.9,0.02,0,1701575,2239,32,0.95,3.08,6.8,2.04,0.000,13.83,22.39,76.9,81.5,33852,2.86,12.045,3.809
25-01-2020,,Bahrain,0,0,0,0,26.0275,50.55,16.39,11.89,20,7.8,0,0,1701575,2239,32,0.95,3.08,6.8,2.04,0.000,13.83,22.39,76.9,81.5,33852,2.86,12.045,3.809
26-01-2020,,Bahrain,0,0,0,0,26.0275,50.55,14.44,10.78,16.22,17.9,0,0,1701575,2239,32,0.95,3.08,6.8,2.04,0.000,13.83,22.39,76.9,81.5,33852,2.86,12.045,3.809
27-01-2020,,Bahrain,0,0,0,0,26.0275,50.55,15.56,14,17,16.2,0,0,1701575,2239,32,0.95,3.08,6.8,2.04,0.000,13.83,22.39,76.9,81.5,33852,2.86,12.045,3.809
28-01-2020,,Bahrain,0,0,0,0,26.0275,50.55,15.94,13.72,18,8.9,0,0,1701575,2239,32,0.95,3.08,6.8,2.04,0.000,13.83,22.39,76.9,81.5,33852,2.86,12.045,3.809
29-01-2020,,Bahrain,0,0,0,0,26.0275,50.55,16.89,13.72,20.11,5.5,0,0,1701575,2239,32,0.95,3.08,6.8,2.04,0.000,13.83,22.39,76.9,81.5,33852,2.86,12.045,3.809
30-01-2020,,Bahrain,0,0,0,0,26.0275,50.55,17.22,15,20.11,6.1,0,0,1701575,2239,32,0.95,3.08,6.8,2.04,0.000,13.83,22.39,76.9,81.5,33852,2.86,12.045,3.809
31-01-2020,,Bahrain,0,0,0,0,26.0275,50.55,16.83,12.78,20,4.2,0,0,1701575,2239,32,0.95,3.08,6.8,2.04,0.000,13.83,22.39,76.9,81.5,33852,2.86,12.045,3.809
01-02-2020,,Bahrain,0,0,0,0,26.0275,50.55,18.56,15.72,22.11,5.6,0,0,1701575,2239,32,0.95,3.08,6.8,2.04,0.000,13.83,22.39,76.9,81.5,33852,2.86,12.045,3.809
02-02-2020,,Bahrain,0,0,0,0,26.0275,50.55,18,15,20,12.8,0,0,1701575,2239,32,0.95,3.08,6.8,2.04,0.000,13.83,22.39,76.9,81.5,33852,2.86,12.045,3.809
03-02-2020,,Bahrain,0,0,0,0,26.0275,50.55,16.94,15,19.22,9.9,0,0,1701575,2239,32,0.95,3.08,6.8,2.04,0.000,13.83,22.39,76.9,81.5,33852,2.86,12.045,3.809
04-02-2020,,Bahrain,0,0,0,0,26.0275,50.55,17,15,19,8.5,0,0,1701575,2239,32,0.95,3.08,6.8,2.04,0.000,13.83,22.39,76.9,81.5,33852,2.86,12.045,3.809
05-02-2020,,Bahrain,0,0,0,0,26.0275,50.55,18,13.72,21,3.8,0,0,1701575,2239,32,0.95,3.08,6.8,2.04,0.000,13.83,22.39,76.9,81.5,33852,2.86,12.045,3.809
06-02-2020,,Bahrain,0,0,0,0,26.0275,50.55,20.11,15.89,25,3.3,0,0,1701575,2239,32,0.95,3.08,6.8,2.04,0.000,13.83,22.39,76.9,81.5,33852,2.86,12.045,3.809
07-02-2020,,Bahrain,0,0,0,0,26.0275,50.55,21.83,17,26.22,6,0,0,1701575,2239,32,0.95,3.08,6.8,2.04,0.000,13.83,22.39,76.9,81.5,33852,2.86,12.045,3.809
08-02-2020,,Bahrain,0,0,0,0,26.0275,50.55,22.89,20,29.22,7.6,0,0,1701575,2239,32,0.95,3.08,6.8,2.04,0.000,13.83,22.39,76.9,81.5,33852,2.86,12.045,3.809
09-02-2020,,Bahrain,0,0,0,0,26.0275,50.55,20.22,18.89,22,13.1,99.99,1,1701575,2239,32,0.95,3.08,6.8,2.04,0.000,13.83,22.39,76.9,81.5,33852,2.86,12.045,3.809
10-02-2020,,Bahrain,0,0,0,0,26.0275,50.55,18.67,16,21,16,0.04,0,1701575,2239,32,0.95,3.08,6.8,2.04,0.000,13.83,22.39,76.9,81.5,33852,2.86,12.045,3.809
11-02-2020,,Bahrain,0,0,0,0,26.0275,50.55,15.06,11,17,19.3,0,0,1701575,2239,32,0.95,3.08,6.8,2.04,0.000,13.83,22.39,76.9,81.5,33852,2.86,12.045,3.809
12-02-2020,,Bahrain,0,0,0,0,26.0275,50.55,12.28,10,14,20.5,0,0,1701575,2239,32,0.95,3.08,6.8,2.04,0.000,13.83,22.39,76.9,81.5,33852,2.86,12.045,3.809
13-02-2020,,Bahrain,0,0,0,0,26.0275,50.55,14.33,10.72,17,13.5,0,0,1701575,2239,32,0.95,3.08,6.8,2.04,0.000,13.83,22.39,76.9,81.5,33852,2.86,12.045,3.809
14-02-2020,,Bahrain,0,0,0,0,26.0275,50.55,16.72,13.39,20,9.4,0,0,1701575,2239,32,0.95,3.08,6.8,2.04,0.000,13.83,22.39,76.9,81.5,33852,2.86,12.045,3.809
15-02-2020,,Bahrain,0,0,0,0,26.0275,50.55,17.44,14,20,9.6,0,0,1701575,2239,32,0.95,3.08,6.8,2.04,0.000,13.83,22.39,76.9,81.5,33852,2.86,12.045,3.809
16-02-2020,,Bahrain,0,0,0,0,26.0275,50.55,18.67,15,22.39,6,0,0,1701575,2239,32,0.95,3.08,6.8,2.04,0.000,13.83,22.39,76.9,81.5,33852,2.86,12.045,3.809
17-02-2020,,Bahrain,0,0,0,0,26.0275,50.55,19.11,16,23,8,0,0,1701575,2239,32,0.95,3.08,6.8,2.04,0.000,13.83,22.39,76.9,81.5,33852,2.86,12.045,3.809
18-02-2020,,Bahrain,0,0,0,0,26.0275,50.55,20.44,16,25.11,4.6,0,0,1701575,2239,32,0.95,3.08,6.8,2.04,0.000,13.83,22.39,76.9,81.5,33852,2.86,12.045,3.809
19-02-2020,,Bahrain,0,0,0,0,26.0275,50.55,21.72,17.78,27,7,0,0,1701575,2239,32,0.95,3.08,6.8,2.04,0.000,13.83,22.39,76.9,81.5,33852,2.86,12.045,3.809
20-02-2020,,Bahrain,0,0,0,0,26.0275,50.55,21.56,18,27,9,0,0,1701575,2239,32,0.95,3.08,6.8,2.04,0.000,13.83,22.39,76.9,81.5,33852,2.86,12.045,3.809
21-02-2020,,Bahrain,0,0,0,0,26.0275,50.55,19.28,17.39,22,10.2,0,0,1701575,2239,32,0.95,3.08,6.8,2.04,0.000,13.83,22.39,76.9,81.5,33852,2.86,12.045,3.809
22-02-2020,,Bahrain,0,0,0,0,26.0275,50.55,19.56,16.72,23,4.5,0,0,1701575,2239,32,0.95,3.08,6.8,2.04,0.000,13.83,22.39,76.9,81.5,33852,2.86,12.045,3.809
23-02-2020,,Bahrain,0,0,0,0,26.0275,50.55,21.17,17.61,24,6.2,0,0,1701575,2239,32,0.95,3.08,6.8,2.04,0.000,13.83,22.39,76.9,81.5,33852,2.86,12.045,3.809
24-02-2020,,Bahrain,1,0,1,0,26.0275,50.55,23.39,19.28,29,7.6,0,0,1701575,2239,32,0.95,3.08,6.8,2.04,0.001,13.83,22.39,76.9,81.5,33852,2.86,12.045,3.809
25-02-2020,,Bahrain,23,0,22,0,26.0275,50.55,23.94,20,28,10.9,0,0,1701575,2239,32,0.95,3.08,6.8,2.04,0.014,13.83,22.39,76.9,81.5,33852,2.86,12.045,3.809
26-02-2020,,Bahrain,33,0,10,0,26.0275,50.55,19.94,18,22.11,14.8,99.99,1,1701575,2239,32,0.95,3.08,6.8,2.04,0.019,13.83,22.39,76.9,81.5,33852,2.86,12.045,3.809
27-02-2020,,Bahrain,33,0,0,0,26.0275,50.55,18.78,17.39,21,14.1,0,0,1701575,2239,32,0.95,3.08,6.8,2.04,0.019,13.83,22.39,76.9,81.5,33852,2.86,12.045,3.809
28-02-2020,,Bahrain,36,0,3,0,26.0275,50.55,19.39,17.72,22,11.7,0,0,1701575,2239,32,0.95,3.08,6.8,2.04,0.021,13.83,22.39,76.9,81.5,33852,2.86,12.045,3.809
29-02-2020,,Bahrain,41,0,5,0,26.0275,50.55,19.61,16.28,23,6.4,0,0,1701575,2239,32,0.95,3.08,6.8,2.04,0.024,13.83,22.39,76.9,81.5,33852,2.86,12.045,3.809
01-03-2020,,Bahrain,47,0,6,0,26.0275,50.55,21.72,18.72,27,7.9,0,0,1701575,2239,32,0.95,3.08,6.8,2.04,0.028,13.83,22.39,76.9,81.5,33852,2.86,12.045,3.809
02-03-2020,,Bahrain,49,0,2,0,26.0275,50.55,20.17,17.72,23,14.5,0,0,1701575,2239,32,0.95,3.08,6.8,2.04,0.029,13.83,22.39,76.9,81.5,33852,2.86,12.045,3.809
03-03-2020,,Bahrain,49,0,0,0,26.0275,50.55,19.94,18,22,17.5,0,0,1701575,2239,32,0.95,3.08,6.8,2.04,0.029,13.83,22.39,76.9,81.5,33852,2.86,12.045,3.809
04-03-2020,,Bahrain,52,0,3,0,26.0275,50.55,19,17,22,13.6,0,0,1701575,2239,32,0.95,3.08,6.8,2.04,0.031,13.83,22.39,76.9,81.5,33852,2.86,12.045,3.809
05-03-2020,,Bahrain,55,0,3,0,26.0275,50.55,19.39,17,22,10.5,0,0,1701575,2239,32,0.95,3.08,6.8,2.04,0.032,13.83,22.39,76.9,81.5,33852,2.86,12.045,3.809
06-03-2020,,Bahrain,60,0,5,0,26.0275,50.55,19.83,15.61,24,5,0,0,1701575,2239,32,0.95,3.08,6.8,2.04,0.035,13.83,22.39,76.9,81.5,33852,2.86,12.045,3.809
07-03-2020,,Bahrain,85,0,25,0,26.0275,50.55,21.89,18,27,7.6,0,0,1701575,2239,32,0.95,3.08,6.8,2.04,0.050,13.83,22.39,76.9,81.5,33852,2.86,12.045,3.809
08-03-2020,,Bahrain,85,0,0,0,26.0275,50.55,21.72,17.72,26,5.1,0,0,1701575,2239,32,0.95,3.08,6.8,2.04,0.050,13.83,22.39,76.9,81.5,33852,2.86,12.045,3.809
09-03-2020,,Bahrain,95,0,10,0,26.0275,50.55,21,19,23,11.2,0,0,1701575,2239,32,0.95,3.08,6.8,2.04,0.056,13.83,22.39,76.9,81.5,33852,2.86,12.045,3.809
10-03-2020,,Bahrain,110,0,15,0,26.0275,50.55,21.28,19,25.39,6.2,0,0,1701575,2239,32,0.95,3.08,6.8,2.04,0.065,13.83,22.39,76.9,81.5,33852,2.86,12.045,3.809
11-03-2020,,Bahrain,195,0,85,0,26.0275,50.55,20.78,17,24.61,4.1,0,1,1701575,2239,32,0.95,3.08,6.8,2.04,0.115,13.83,22.39,76.9,81.5,33852,2.86,12.045,3.809
12-03-2020,,Bahrain,195,0,0,0,26.0275,50.55,21.72,16.61,26,4.5,0,0,1701575,2239,32,0.95,3.08,6.8,2.04,0.115,13.83,22.39,76.9,81.5,33852,2.86,12.045,3.809
13-03-2020,,Bahrain,195,0,0,0,26.0275,50.55,22.11,19.72,26.39,8.3,0,0,1701575,2239,32,0.95,3.08,6.8,2.04,0.115,13.83,22.39,76.9,81.5,33852,2.86,12.045,3.809
14-03-2020,,Bahrain,210,0,15,0,26.0275,50.55,22.78,21.72,27.61,10.2,0,0,1701575,2239,32,0.95,3.08,6.8,2.04,0.123,13.83,22.39,76.9,81.5,33852,2.86,12.045,3.809
15-03-2020,,Bahrain,214,0,4,0,26.0275,50.55,24.61,21.61,31.22,10,0,0,1701575,2239,32,0.95,3.08,6.8,2.04,0.126,13.83,22.39,76.9,81.5,33852,2.86,12.045,3.809
16-03-2020,,Bahrain,214,1,0,1,26.0275,50.55,23.17,21,26,6.2,0,0,1701575,2239,32,0.95,3.08,6.8,2.04,0.126,13.83,22.39,76.9,81.5,33852,2.86,12.045,3.809
17-03-2020,,Bahrain,228,1,14,0,26.0275,50.55,23.78,19.72,28,7.8,0,0,1701575,2239,32,0.95,3.08,6.8,2.04,0.134,13.83,22.39,76.9,81.5,33852,2.86,12.045,3.809
18-03-2020,,Bahrain,256,1,28,0,26.0275,50.55,23.94,21.5,27.5,12.8,99.99,1,1701575,2239,32,0.95,3.08,6.8,2.04,0.150,13.83,22.39,76.9,81.5,33852,2.86,12.045,3.809
19-03-2020,,Bahrain,278,1,22,0,26.0275,50.55,23.5,21,27,8.9,0,0,1701575,2239,32,0.95,3.08,6.8,2.04,0.163,13.83,22.39,76.9,81.5,33852,2.86,12.045,3.809
20-03-2020,,Bahrain,285,1,7,0,26.0275,50.55,23.39,19.78,26.11,6.8,0,0,1701575,2239,32,0.95,3.08,6.8,2.04,0.167,13.83,22.39,76.9,81.5,33852,2.86,12.045,3.809
21-03-2020,,Bahrain,305,1,20,0,26.0275,50.55,23.44,20.28,26,10.7,99.99,1,1701575,2239,32,0.95,3.08,6.8,2.04,0.179,13.83,22.39,76.9,81.5,33852,2.86,12.045,3.809
22-03-2020,,Bahrain,334,2,29,1,26.0275,50.55,22.28,20,27,15.2,0.25,0,1701575,2239,32,0.95,3.08,6.8,2.04,0.196,13.83,22.39,76.9,81.5,33852,2.86,12.045,3.809
23-03-2020,,Bahrain,377,2,43,0,26.0275,50.55,19.94,18,22,11.5,0,0,1701575,2239,32,0.95,3.08,6.8,2.04,0.222,13.83,22.39,76.9,81.5,33852,2.86,12.045,3.809
24-03-2020,,Bahrain,392,3,15,1,26.0275,50.55,20.72,16.78,24.22,5.1,0,0,1701575,2239,32,0.95,3.08,6.8,2.04,0.230,13.83,22.39,76.9,81.5,33852,2.86,12.045,3.809
25-03-2020,,Bahrain,419,4,27,1,26.0275,50.55,22,17.5,26.11,6.7,0,0,1701575,2239,32,0.95,3.08,6.8,2.04,0.246,13.83,22.39,76.9,81.5,33852,2.86,12.045,3.809
26-03-2020,,Bahrain,458,4,39,0,26.0275,50.55,22.39,20,24.61,9.3,0,0,1701575,2239,32,0.95,3.08,6.8,2.04,0.269,13.83,22.39,76.9,81.5,33852,2.86,12.045,3.809
27-03-2020,,Bahrain,466,4,8,0,26.0275,50.55,24.17,21.78,28,15.9,0,0,1701575,2239,32,0.95,3.08,6.8,2.04,0.274,13.83,22.39,76.9,81.5,33852,2.86,12.045,3.809
28-03-2020,,Bahrain,476,4,10,0,26.0275,50.55,25,23,29,13.5,0,1,1701575,2239,32,0.95,3.08,6.8,2.04,0.280,13.83,22.39,76.9,81.5,33852,2.86,12.045,3.809
29-03-2020,,Bahrain,499,4,23,0,26.0275,50.55,24.5,21.78,31,14.8,0,1,1701575,2239,32,0.95,3.08,6.8,2.04,0.293,13.83,22.39,76.9,81.5,33852,2.86,12.045,3.809
30-03-2020,,Bahrain,515,4,16,0,26.0275,50.55,24.5,21.78,31,14.8,0,1,1701575,2239,32,0.95,3.08,6.8,2.04,0.303,13.83,22.39,76.9,81.5,33852,2.86,12.045,3.809
