Date,State,Country,Cumulative_cases,Cumulative_death,Daily_cases,Daily_death,Latitude,Longitude,Temperature,Min_temperature,Max_temperature,Wind_speed,Precipitation,Fog_Presence,Population,Population Density/km,Median_Age,Sex_Ratio,Age%_65+,Hospital Beds/1000,Available Beds/1000,Confirmed Cases/1000,Lung Patients (F),Lung Patients (M),Life Expectancy (M),Life Expectancy (F),Total_tests_conducted,Out_Travels (mill.),In_travels(mill.),Domestic_Travels (mill.)
22-01-2020,,Belgium,0,0,0,0,50.8333,4,-0.11,-4,3,1.6,0,1,11589623,383,42,0.97,18.78,6.2,1.86,0.000,21.2,34.98,78.6,83.9,18360,Not Reported,9.119,Not Reported
23-01-2020,,Belgium,0,0,0,0,50.8333,4,1.44,-1,3,6.6,0,1,11589623,383,42,0.97,18.78,6.2,1.86,0.000,21.2,34.98,78.6,83.9,18360,Not Reported,9.119,Not Reported
24-01-2020,,Belgium,0,0,0,0,50.8333,4,0.67,-1,1,3,0,1,11589623,383,42,0.97,18.78,6.2,1.86,0.000,21.2,34.98,78.6,83.9,18360,Not Reported,9.119,Not Reported
25-01-2020,,Belgium,0,0,0,0,50.8333,4,1.06,0,2,3.3,0,1,11589623,383,42,0.97,18.78,6.2,1.86,0.000,21.2,34.98,78.6,83.9,18360,Not Reported,9.119,Not Reported
26-01-2020,,Belgium,0,0,0,0,50.8333,4,8,0,0,6.4,0,0,11589623,383,42,0.97,18.78,6.2,1.86,0.000,21.2,34.98,78.6,83.9,18360,Not Reported,9.119,Not Reported
27-01-2020,,Belgium,0,0,0,0,50.8333,4,8.5,8,10,8.5,0,1,11589623,383,42,0.97,18.78,6.2,1.86,0.000,21.2,34.98,78.6,83.9,18360,Not Reported,9.119,Not Reported
28-01-2020,,Belgium,0,0,0,0,50.8333,4,5.44,3,8,13.2,0,1,11589623,383,42,0.97,18.78,6.2,1.86,0.000,21.2,34.98,78.6,83.9,18360,Not Reported,9.119,Not Reported
29-01-2020,,Belgium,0,0,0,0,50.8333,4,5.22,3,7,12.1,0,1,11589623,383,42,0.97,18.78,6.2,1.86,0.000,21.2,34.98,78.6,83.9,18360,Not Reported,9.119,Not Reported
30-01-2020,,Belgium,0,0,0,0,50.8333,4,8.94,6,13,10.8,0,1,11589623,383,42,0.97,18.78,6.2,1.86,0.000,21.2,34.98,78.6,83.9,18360,Not Reported,9.119,Not Reported
31-01-2020,,Belgium,0,0,0,0,50.8333,4,12.22,11,14,13.8,0,1,11589623,383,42,0.97,18.78,6.2,1.86,0.000,21.2,34.98,78.6,83.9,18360,Not Reported,9.119,Not Reported
01-02-2020,,Belgium,0,0,0,0,50.8333,4,11,9,12,12.8,0,1,11589623,383,42,0.97,18.78,6.2,1.86,0.000,21.2,34.98,78.6,83.9,18360,Not Reported,9.119,Not Reported
02-02-2020,,Belgium,0,0,0,0,50.8333,4,11.67,11,12,14,0,0,11589623,383,42,0.97,18.78,6.2,1.86,0.000,21.2,34.98,78.6,83.9,18360,Not Reported,9.119,Not Reported
03-02-2020,,Belgium,0,0,0,0,50.8333,4,9.72,5,12,11.9,0,1,11589623,383,42,0.97,18.78,6.2,1.86,0.000,21.2,34.98,78.6,83.9,18360,Not Reported,9.119,Not Reported
04-02-2020,,Belgium,1,0,1,0,50.8333,4,4.72,3,6,11.7,0,1,11589623,383,42,0.97,18.78,6.2,1.86,0.000,21.2,34.98,78.6,83.9,18360,Not Reported,9.119,Not Reported
05-02-2020,,Belgium,1,0,0,0,50.8333,4,4.67,3,8,4.1,0,0,11589623,383,42,0.97,18.78,6.2,1.86,0.000,21.2,34.98,78.6,83.9,18360,Not Reported,9.119,Not Reported
06-02-2020,,Belgium,1,0,0,0,50.8333,4,3.22,-1,7,2.7,0,0,11589623,383,42,0.97,18.78,6.2,1.86,0.000,21.2,34.98,78.6,83.9,18360,Not Reported,9.119,Not Reported
07-02-2020,,Belgium,1,0,0,0,50.8333,4,3.22,-2,9,6.3,0,0,11589623,383,42,0.97,18.78,6.2,1.86,0.000,21.2,34.98,78.6,83.9,18360,Not Reported,9.119,Not Reported
08-02-2020,,Belgium,1,0,0,0,50.8333,4,7.89,3,12,8.5,0,1,11589623,383,42,0.97,18.78,6.2,1.86,0.000,21.2,34.98,78.6,83.9,18360,Not Reported,9.119,Not Reported
09-02-2020,,Belgium,1,0,0,0,50.8333,4,11.78,11,12,21.2,0,1,11589623,383,42,0.97,18.78,6.2,1.86,0.000,21.2,34.98,78.6,83.9,18360,Not Reported,9.119,Not Reported
10-02-2020,,Belgium,1,0,0,0,50.8333,4,7.83,4,11,21.2,0,1,11589623,383,42,0.97,18.78,6.2,1.86,0.000,21.2,34.98,78.6,83.9,18360,Not Reported,9.119,Not Reported
11-02-2020,,Belgium,1,0,0,0,50.8333,4,5.28,3,7,18.2,0,1,11589623,383,42,0.97,18.78,6.2,1.86,0.000,21.2,34.98,78.6,83.9,18360,Not Reported,9.119,Not Reported
12-02-2020,,Belgium,1,0,0,0,50.8333,4,4.89,4,7,12.5,0,1,11589623,383,42,0.97,18.78,6.2,1.86,0.000,21.2,34.98,78.6,83.9,18360,Not Reported,9.119,Not Reported
13-02-2020,,Belgium,1,0,0,0,50.8333,4,6.44,4,9,9.1,0,1,11589623,383,42,0.97,18.78,6.2,1.86,0.000,21.2,34.98,78.6,83.9,18360,Not Reported,9.119,Not Reported
14-02-2020,,Belgium,1,0,0,0,50.8333,4,7.39,5,9,9.9,0,1,11589623,383,42,0.97,18.78,6.2,1.86,0.000,21.2,34.98,78.6,83.9,18360,Not Reported,9.119,Not Reported
15-02-2020,,Belgium,1,0,0,0,50.8333,4,10.83,7,13,11.9,0,0,11589623,383,42,0.97,18.78,6.2,1.86,0.000,21.2,34.98,78.6,83.9,18360,Not Reported,9.119,Not Reported
16-02-2020,,Belgium,1,0,0,0,50.8333,4,13.39,8,18,19.2,0,1,11589623,383,42,0.97,18.78,6.2,1.86,0.000,21.2,34.98,78.6,83.9,18360,Not Reported,9.119,Not Reported
17-02-2020,,Belgium,1,0,0,0,50.8333,4,9,8,11,13.1,0,1,11589623,383,42,0.97,18.78,6.2,1.86,0.000,21.2,34.98,78.6,83.9,18360,Not Reported,9.119,Not Reported
18-02-2020,,Belgium,1,0,0,0,50.8333,4,7.22,6,9,14.2,0,1,11589623,383,42,0.97,18.78,6.2,1.86,0.000,21.2,34.98,78.6,83.9,18360,Not Reported,9.119,Not Reported
19-02-2020,,Belgium,1,0,0,0,50.8333,4,5.94,4,7,12.4,0,1,11589623,383,42,0.97,18.78,6.2,1.86,0.000,21.2,34.98,78.6,83.9,18360,Not Reported,9.119,Not Reported
20-02-2020,,Belgium,1,0,0,0,50.8333,4,8,4,10,12,0,1,11589623,383,42,0.97,18.78,6.2,1.86,0.000,21.2,34.98,78.6,83.9,18360,Not Reported,9.119,Not Reported
21-02-2020,,Belgium,1,0,0,0,50.8333,4,6.33,3,9,11.7,0,0,11589623,383,42,0.97,18.78,6.2,1.86,0.000,21.2,34.98,78.6,83.9,18360,Not Reported,9.119,Not Reported
22-02-2020,,Belgium,1,0,0,0,50.8333,4,8.94,6,11,16.6,0,1,11589623,383,42,0.97,18.78,6.2,1.86,0.000,21.2,34.98,78.6,83.9,18360,Not Reported,9.119,Not Reported
23-02-2020,,Belgium,1,0,0,0,50.8333,4,6.78,6,8,8.6,0,0,11589623,383,42,0.97,18.78,6.2,1.86,0.000,21.2,34.98,78.6,83.9,18360,Not Reported,9.119,Not Reported
24-02-2020,,Belgium,1,0,0,0,50.8333,4,8.67,5,12,10.4,0,1,11589623,383,42,0.97,18.78,6.2,1.86,0.000,21.2,34.98,78.6,83.9,18360,Not Reported,9.119,Not Reported
25-02-2020,,Belgium,1,0,0,0,50.8333,4,7.39,4,11,12.3,0,1,11589623,383,42,0.97,18.78,6.2,1.86,0.000,21.2,34.98,78.6,83.9,18360,Not Reported,9.119,Not Reported
26-02-2020,,Belgium,1,0,0,0,50.8333,4,3.17,1,5,13.4,0,1,11589623,383,42,0.97,18.78,6.2,1.86,0.000,21.2,34.98,78.6,83.9,18360,Not Reported,9.119,Not Reported
27-02-2020,,Belgium,1,0,0,0,50.8333,4,2.5,0,4,7.5,0,1,11589623,383,42,0.97,18.78,6.2,1.86,0.000,21.2,34.98,78.6,83.9,18360,Not Reported,9.119,Not Reported
28-02-2020,,Belgium,1,0,0,0,50.8333,4,4.67,1,7,9.4,0,1,11589623,383,42,0.97,18.78,6.2,1.86,0.000,21.2,34.98,78.6,83.9,18360,Not Reported,9.119,Not Reported
29-02-2020,,Belgium,1,0,0,0,50.8333,4,9.28,5,14,13.2,0,1,11589623,383,42,0.97,18.78,6.2,1.86,0.000,21.2,34.98,78.6,83.9,18360,Not Reported,9.119,Not Reported
01-03-2020,,Belgium,2,0,1,0,50.8333,4,7.61,6,10,11,0,0,11589623,383,42,0.97,18.78,6.2,1.86,0.000,21.2,34.98,78.6,83.9,18360,Not Reported,9.119,Not Reported
02-03-2020,,Belgium,8,0,6,0,50.8333,4,6.94,5,9,5.2,0,1,11589623,383,42,0.97,18.78,6.2,1.86,0.001,21.2,34.98,78.6,83.9,18360,Not Reported,9.119,Not Reported
03-03-2020,,Belgium,13,0,5,0,50.8333,4,5.11,3,7,8.2,0,0,11589623,383,42,0.97,18.78,6.2,1.86,0.001,21.2,34.98,78.6,83.9,18360,Not Reported,9.119,Not Reported
04-03-2020,,Belgium,23,0,10,0,50.8333,4,7.17,4,9,7.5,0,0,11589623,383,42,0.97,18.78,6.2,1.86,0.002,21.2,34.98,78.6,83.9,18360,Not Reported,9.119,Not Reported
05-03-2020,,Belgium,50,0,27,0,50.8333,4,6.22,5,7,9.4,0,1,11589623,383,42,0.97,18.78,6.2,1.86,0.004,21.2,34.98,78.6,83.9,18360,Not Reported,9.119,Not Reported
06-03-2020,,Belgium,109,0,59,0,50.8333,4,5.44,4,8,8.6,0,1,11589623,383,42,0.97,18.78,6.2,1.86,0.009,21.2,34.98,78.6,83.9,18360,Not Reported,9.119,Not Reported
07-03-2020,,Belgium,169,0,60,0,50.8333,4,7.5,2,10,7.6,0,0,11589623,383,42,0.97,18.78,6.2,1.86,0.015,21.2,34.98,78.6,83.9,18360,Not Reported,9.119,Not Reported
08-03-2020,,Belgium,200,0,31,0,50.8333,4,7,0,0,5.8,0,0,11589623,383,42,0.97,18.78,6.2,1.86,0.017,21.2,34.98,78.6,83.9,18360,Not Reported,9.119,Not Reported
09-03-2020,,Belgium,239,0,39,0,50.8333,4,8.06,6,10,9.7,0,1,11589623,383,42,0.97,18.78,6.2,1.86,0.021,21.2,34.98,78.6,83.9,18360,Not Reported,9.119,Not Reported
10-03-2020,,Belgium,267,0,28,0,50.8333,4,11.33,8,13,15.5,0,1,11589623,383,42,0.97,18.78,6.2,1.86,0.023,21.2,34.98,78.6,83.9,18360,Not Reported,9.119,Not Reported
11-03-2020,,Belgium,314,3,47,3,50.8333,4,12.72,12,14,13.4,0,1,11589623,383,42,0.97,18.78,6.2,1.86,0.027,21.2,34.98,78.6,83.9,18360,Not Reported,9.119,Not Reported
12-03-2020,,Belgium,314,3,0,0,50.8333,4,9.78,6,13,16.8,0,1,11589623,383,42,0.97,18.78,6.2,1.86,0.027,21.2,34.98,78.6,83.9,18360,Not Reported,9.119,Not Reported
13-03-2020,,Belgium,559,3,245,0,50.8333,4,7.67,6,10,13.5,0,1,11589623,383,42,0.97,18.78,6.2,1.86,0.048,21.2,34.98,78.6,83.9,18360,Not Reported,9.119,Not Reported
14-03-2020,,Belgium,689,4,130,1,50.8333,4,8.94,0,12,8,0,0,11589623,383,42,0.97,18.78,6.2,1.86,0.059,21.2,34.98,78.6,83.9,18360,Not Reported,9.119,Not Reported
15-03-2020,,Belgium,886,4,197,0,50.8333,4,10.67,7,14,7.7,0,0,11589623,383,42,0.97,18.78,6.2,1.86,0.076,21.2,34.98,78.6,83.9,18360,Not Reported,9.119,Not Reported
16-03-2020,,Belgium,1058,5,172,1,50.8333,4,10,9,11,4,0,0,11589623,383,42,0.97,18.78,6.2,1.86,0.091,21.2,34.98,78.6,83.9,18360,Not Reported,9.119,Not Reported
17-03-2020,,Belgium,1243,10,185,5,50.8333,4,10.39,5,15,5.1,0,0,11589623,383,42,0.97,18.78,6.2,1.86,0.107,21.2,34.98,78.6,83.9,18360,Not Reported,9.119,Not Reported
18-03-2020,,Belgium,1486,14,243,4,50.8333,4,11.61,7,17,7.8,0,0,11589623,383,42,0.97,18.78,6.2,1.86,0.128,21.2,34.98,78.6,83.9,18360,Not Reported,9.119,Not Reported
19-03-2020,,Belgium,1795,21,309,7,50.8333,4,11.06,4,17,2.7,0,0,11589623,383,42,0.97,18.78,6.2,1.86,0.155,21.2,34.98,78.6,83.9,18360,Not Reported,9.119,Not Reported
20-03-2020,,Belgium,2257,37,462,16,50.8333,4,8.22,8,9,5.6,0,0,11589623,383,42,0.97,18.78,6.2,1.86,0.195,21.2,34.98,78.6,83.9,18360,Not Reported,9.119,Not Reported
21-03-2020,,Belgium,2815,67,558,30,50.8333,4,5.56,2,9,7.4,0,0,11589623,383,42,0.97,18.78,6.2,1.86,0.243,21.2,34.98,78.6,83.9,18360,Not Reported,9.119,Not Reported
22-03-2020,,Belgium,3401,75,586,8,50.8333,4,5.39,1,9,6.9,0,0,11589623,383,42,0.97,18.78,6.2,1.86,0.293,21.2,34.98,78.6,83.9,18360,Not Reported,9.119,Not Reported
23-03-2020,,Belgium,3743,88,342,13,50.8333,4,4.61,1,10,13.6,0,0,11589623,383,42,0.97,18.78,6.2,1.86,0.323,21.2,34.98,78.6,83.9,18360,Not Reported,9.119,Not Reported
24-03-2020,,Belgium,4269,122,526,34,50.8333,4,4.78,-2,10,10.2,0,0,11589623,383,42,0.97,18.78,6.2,1.86,0.368,21.2,34.98,78.6,83.9,18360,Not Reported,9.119,Not Reported
25-03-2020,,Belgium,4937,178,668,56,50.8333,4,4.39,-3,12,8.5,0,0,11589623,383,42,0.97,18.78,6.2,1.86,0.426,21.2,34.98,78.6,83.9,18360,Not Reported,9.119,Not Reported
26-03-2020,,Belgium,6235,220,1298,42,50.8333,4,5.39,-1,12,7.3,0,0,11589623,383,42,0.97,18.78,6.2,1.86,0.538,21.2,34.98,78.6,83.9,18360,Not Reported,9.119,Not Reported
27-03-2020,,Belgium,7284,289,1049,69,50.8333,4,6.78,-1,15,3.8,0,0,11589623,383,42,0.97,18.78,6.2,1.86,0.628,21.2,34.98,78.6,83.9,18360,Not Reported,9.119,Not Reported
28-03-2020,,Belgium,9134,353,1850,64,50.8333,4,3,1,4,9.2,0,0,11589623,383,42,0.97,18.78,6.2,1.86,0.788,21.2,34.98,78.6,83.9,18360,Not Reported,9.119,Not Reported
29-03-2020,,Belgium,10836,431,1702,78,50.8333,4,3,1,4,9.2,0,0,11589623,383,42,0.97,18.78,6.2,1.86,0.935,21.2,34.98,78.6,83.9,18360,Not Reported,9.119,Not Reported
30-03-2020,,Belgium,11899,513,1063,82,50.8333,4,3,1,4,9.2,0,0,11589623,383,42,0.97,18.78,6.2,1.86,1.027,21.2,34.98,78.6,83.9,18360,Not Reported,9.119,Not Reported
