Date,State,Country,Cumulative_cases,Cumulative_death,Daily_cases,Daily_death,Latitude,Longitude,Temperature,Min_temperature,Max_temperature,Wind_speed,Precipitation,Fog_Presence,Population,Population Density/km,Median_Age,Sex_Ratio,Age%_65+,Hospital Beds/1000,Available Beds/1000,Confirmed Cases/1000,Lung Patients (F),Lung Patients (M),Life Expectancy (M),Life Expectancy (F),Total_tests_conducted,Out_Travels (mill.),In_travels(mill.),Domestic_Travels (mill.)
22-01-2020,,Egypt,0,0,0,0,26,30,13.33,5.61,18.22,4.6,0,0,102334404,103,25,1.05,4.28,1.6,0.4,0.0000,19.19,27.17,71.8,74.7,25250,6.18,11.346,N/A
23-01-2020,,Egypt,0,0,0,0,26,30,14,5.22,19.61,2.3,0,0,102334404,103,25,1.05,4.28,1.6,0.4,0.0000,19.19,27.17,71.8,74.7,25250,6.18,11.346,N/A
24-01-2020,,Egypt,0,0,0,0,26,30,13,4.61,19.72,3.4,0,0,102334404,103,25,1.05,4.28,1.6,0.4,0.0000,19.19,27.17,71.8,74.7,25250,6.18,11.346,N/A
25-01-2020,,Egypt,0,0,0,0,26,30,13.89,7.61,20.22,4,0,0,102334404,103,25,1.05,4.28,1.6,0.4,0.0000,19.19,27.17,71.8,74.7,25250,6.18,11.346,N/A
26-01-2020,,Egypt,0,0,0,0,26,30,14.72,9.11,21,3.3,0,0,102334404,103,25,1.05,4.28,1.6,0.4,0.0000,19.19,27.17,71.8,74.7,25250,6.18,11.346,N/A
27-01-2020,,Egypt,0,0,0,0,26,30,13.28,3.61,22.78,1.6,0,0,102334404,103,25,1.05,4.28,1.6,0.4,0.0000,19.19,27.17,71.8,74.7,25250,6.18,11.346,N/A
28-01-2020,,Egypt,0,0,0,0,26,30,14.28,3,24.61,2.2,0,0,102334404,103,25,1.05,4.28,1.6,0.4,0.0000,19.19,27.17,71.8,74.7,25250,6.18,11.346,N/A
29-01-2020,,Egypt,0,0,0,0,26,30,12.44,4,21.78,3,0,0,102334404,103,25,1.05,4.28,1.6,0.4,0.0000,19.19,27.17,71.8,74.7,25250,6.18,11.346,N/A
30-01-2020,,Egypt,0,0,0,0,26,30,13.39,3,22.22,4.5,0,0,102334404,103,25,1.05,4.28,1.6,0.4,0.0000,19.19,27.17,71.8,74.7,25250,6.18,11.346,N/A
31-01-2020,,Egypt,0,0,0,0,26,30,15.17,5.61,21.39,5,0,0,102334404,103,25,1.05,4.28,1.6,0.4,0.0000,19.19,27.17,71.8,74.7,25250,6.18,11.346,N/A
01-02-2020,,Egypt,0,0,0,0,26,30,15,4.78,22.61,3.1,0,0,102334404,103,25,1.05,4.28,1.6,0.4,0.0000,19.19,27.17,71.8,74.7,25250,6.18,11.346,N/A
02-02-2020,,Egypt,0,0,0,0,26,30,14.33,6.22,23.22,2.1,0,0,102334404,103,25,1.05,4.28,1.6,0.4,0.0000,19.19,27.17,71.8,74.7,25250,6.18,11.346,N/A
03-02-2020,,Egypt,0,0,0,0,26,30,14.89,6.39,23.61,2.9,0,0,102334404,103,25,1.05,4.28,1.6,0.4,0.0000,19.19,27.17,71.8,74.7,25250,6.18,11.346,N/A
04-02-2020,,Egypt,0,0,0,0,26,30,13.78,8.78,23.22,2.1,0,0,102334404,103,25,1.05,4.28,1.6,0.4,0.0000,19.19,27.17,71.8,74.7,25250,6.18,11.346,N/A
05-02-2020,,Egypt,0,0,0,0,26,30,15.44,6.61,25.72,2,0,0,102334404,103,25,1.05,4.28,1.6,0.4,0.0000,19.19,27.17,71.8,74.7,25250,6.18,11.346,N/A
06-02-2020,,Egypt,0,0,0,0,26,30,19.39,9,27.28,2.2,0,0,102334404,103,25,1.05,4.28,1.6,0.4,0.0000,19.19,27.17,71.8,74.7,25250,6.18,11.346,N/A
07-02-2020,,Egypt,0,0,0,0,26,30,15.28,8,23.22,4.5,0,0,102334404,103,25,1.05,4.28,1.6,0.4,0.0000,19.19,27.17,71.8,74.7,25250,6.18,11.346,N/A
08-02-2020,,Egypt,0,0,0,0,26,30,12.44,6.39,19.39,4.9,0,0,102334404,103,25,1.05,4.28,1.6,0.4,0.0000,19.19,27.17,71.8,74.7,25250,6.18,11.346,N/A
09-02-2020,,Egypt,0,0,0,0,26,30,12.78,3.78,19.39,3.9,0,0,102334404,103,25,1.05,4.28,1.6,0.4,0.0000,19.19,27.17,71.8,74.7,25250,6.18,11.346,N/A
10-02-2020,,Egypt,0,0,0,0,26,30,12.11,5,17.39,8,0,0,102334404,103,25,1.05,4.28,1.6,0.4,0.0000,19.19,27.17,71.8,74.7,25250,6.18,11.346,N/A
11-02-2020,,Egypt,0,0,0,0,26,30,11.56,4.39,19,4.6,0,0,102334404,103,25,1.05,4.28,1.6,0.4,0.0000,19.19,27.17,71.8,74.7,25250,6.18,11.346,N/A
12-02-2020,,Egypt,0,0,0,0,26,30,18.06,12.61,23.22,4.6,0,0,102334404,103,25,1.05,4.28,1.6,0.4,0.0000,19.19,27.17,71.8,74.7,25250,6.18,11.346,N/A
13-02-2020,,Egypt,0,0,0,0,26,30,18.56,4.22,26,3,0,0,102334404,103,25,1.05,4.28,1.6,0.4,0.0000,19.19,27.17,71.8,74.7,25250,6.18,11.346,N/A
14-02-2020,,Egypt,1,0,1,0,26,30,18.83,6.22,26.78,2.8,0,0,102334404,103,25,1.05,4.28,1.6,0.4,0.0000,19.19,27.17,71.8,74.7,25250,6.18,11.346,N/A
15-02-2020,,Egypt,1,0,0,0,26,30,19,8.22,28.78,3.2,0,0,102334404,103,25,1.05,4.28,1.6,0.4,0.0000,19.19,27.17,71.8,74.7,25250,6.18,11.346,N/A
16-02-2020,,Egypt,1,0,0,0,26,30,17.17,6.61,24.22,5.1,0,0,102334404,103,25,1.05,4.28,1.6,0.4,0.0000,19.19,27.17,71.8,74.7,25250,6.18,11.346,N/A
17-02-2020,,Egypt,1,0,0,0,26,30,16,7.61,22.78,3,0,0,102334404,103,25,1.05,4.28,1.6,0.4,0.0000,19.19,27.17,71.8,74.7,25250,6.18,11.346,N/A
18-02-2020,,Egypt,1,0,0,0,26,30,15.94,9.61,23.61,3.9,0,0,102334404,103,25,1.05,4.28,1.6,0.4,0.0000,19.19,27.17,71.8,74.7,25250,6.18,11.346,N/A
19-02-2020,,Egypt,1,0,0,0,26,30,15.89,11,22.78,5.4,0,0,102334404,103,25,1.05,4.28,1.6,0.4,0.0000,19.19,27.17,71.8,74.7,25250,6.18,11.346,N/A
20-02-2020,,Egypt,1,0,0,0,26,30,15.17,6.39,22.61,2.1,0,0,102334404,103,25,1.05,4.28,1.6,0.4,0.0000,19.19,27.17,71.8,74.7,25250,6.18,11.346,N/A
21-02-2020,,Egypt,1,0,0,0,26,30,15.72,6.39,24.22,2,0,0,102334404,103,25,1.05,4.28,1.6,0.4,0.0000,19.19,27.17,71.8,74.7,25250,6.18,11.346,N/A
22-02-2020,,Egypt,1,0,0,0,26,30,16.11,9.78,22,2.8,0,0,102334404,103,25,1.05,4.28,1.6,0.4,0.0000,19.19,27.17,71.8,74.7,25250,6.18,11.346,N/A
23-02-2020,,Egypt,1,0,0,0,26,30,15.06,6,22.61,3.4,0,0,102334404,103,25,1.05,4.28,1.6,0.4,0.0000,19.19,27.17,71.8,74.7,25250,6.18,11.346,N/A
24-02-2020,,Egypt,1,0,0,0,26,30,13.78,8,17.78,8,0,0,102334404,103,25,1.05,4.28,1.6,0.4,0.0000,19.19,27.17,71.8,74.7,25250,6.18,11.346,N/A
25-02-2020,,Egypt,1,0,0,0,26,30,13.72,5.22,21.22,2.7,0,0,102334404,103,25,1.05,4.28,1.6,0.4,0.0000,19.19,27.17,71.8,74.7,25250,6.18,11.346,N/A
26-02-2020,,Egypt,1,0,0,0,26,30,15.06,5.39,24.39,2.4,0,0,102334404,103,25,1.05,4.28,1.6,0.4,0.0000,19.19,27.17,71.8,74.7,25250,6.18,11.346,N/A
27-02-2020,,Egypt,1,0,0,0,26,30,18.67,5.78,29,2.6,0,0,102334404,103,25,1.05,4.28,1.6,0.4,0.0000,19.19,27.17,71.8,74.7,25250,6.18,11.346,N/A
28-02-2020,,Egypt,1,0,0,0,26,30,18.67,9.22,28.22,2,0,0,102334404,103,25,1.05,4.28,1.6,0.4,0.0000,19.19,27.17,71.8,74.7,25250,6.18,11.346,N/A
29-02-2020,,Egypt,1,0,0,0,26,30,20.11,10.78,25.5,6.2,0,0,102334404,103,25,1.05,4.28,1.6,0.4,0.0000,19.19,27.17,71.8,74.7,25250,6.18,11.346,N/A
01-03-2020,,Egypt,2,0,1,0,26,30,18.06,10.61,24.61,5.9,0,0,102334404,103,25,1.05,4.28,1.6,0.4,0.0000,19.19,27.17,71.8,74.7,25250,6.18,11.346,N/A
02-03-2020,,Egypt,2,0,0,0,26,30,16.83,6.61,25.78,4.7,0,0,102334404,103,25,1.05,4.28,1.6,0.4,0.0000,19.19,27.17,71.8,74.7,25250,6.18,11.346,N/A
03-03-2020,,Egypt,2,0,0,0,26,30,18.67,7.39,29.22,3.4,0,0,102334404,103,25,1.05,4.28,1.6,0.4,0.0000,19.19,27.17,71.8,74.7,25250,6.18,11.346,N/A
04-03-2020,,Egypt,2,0,0,0,26,30,20.44,7.61,31.61,2.5,0,0,102334404,103,25,1.05,4.28,1.6,0.4,0.0000,19.19,27.17,71.8,74.7,25250,6.18,11.346,N/A
05-03-2020,,Egypt,3,0,1,0,26,30,23.94,13,33.61,3.3,0,0,102334404,103,25,1.05,4.28,1.6,0.4,0.0000,19.19,27.17,71.8,74.7,25250,6.18,11.346,N/A
06-03-2020,,Egypt,15,0,12,0,26,30,18.28,14.78,24.61,6.5,0,0,102334404,103,25,1.05,4.28,1.6,0.4,0.0001,19.19,27.17,71.8,74.7,25250,6.18,11.346,N/A
07-03-2020,,Egypt,15,0,0,0,26,30,18.67,8.61,26.61,4.5,0,0,102334404,103,25,1.05,4.28,1.6,0.4,0.0001,19.19,27.17,71.8,74.7,25250,6.18,11.346,N/A
08-03-2020,,Egypt,49,1,34,1,26,30,20.89,9,31.39,2.7,0,0,102334404,103,25,1.05,4.28,1.6,0.4,0.0005,19.19,27.17,71.8,74.7,25250,6.18,11.346,N/A
09-03-2020,,Egypt,55,1,6,0,26,30,23,12,33.22,4.2,0,0,102334404,103,25,1.05,4.28,1.6,0.4,0.0005,19.19,27.17,71.8,74.7,25250,6.18,11.346,N/A
10-03-2020,,Egypt,59,1,4,0,26,30,22.61,16.78,29,14.5,0,0,102334404,103,25,1.05,4.28,1.6,0.4,0.0006,19.19,27.17,71.8,74.7,25250,6.18,11.346,N/A
11-03-2020,,Egypt,60,1,1,0,26,30,22.61,16.78,27.39,9.4,0,0,102334404,103,25,1.05,4.28,1.6,0.4,0.0006,19.19,27.17,71.8,74.7,25250,6.18,11.346,N/A
12-03-2020,,Egypt,67,1,7,0,26,30,23.28,13.61,27.39,21.5,0,0,102334404,103,25,1.05,4.28,1.6,0.4,0.0007,19.19,27.17,71.8,74.7,25250,6.18,11.346,N/A
13-03-2020,,Egypt,80,2,13,1,26,30,17.44,10.78,24.78,13.4,0,0,102334404,103,25,1.05,4.28,1.6,0.4,0.0008,19.19,27.17,71.8,74.7,25250,6.18,11.346,N/A
14-03-2020,,Egypt,109,2,29,0,26,30,21.33,11.78,27.39,4,0,0,102334404,103,25,1.05,4.28,1.6,0.4,0.0011,19.19,27.17,71.8,74.7,25250,6.18,11.346,N/A
15-03-2020,,Egypt,110,2,1,0,26,30,19.44,11.78,28,2.7,0,0,102334404,103,25,1.05,4.28,1.6,0.4,0.0011,19.19,27.17,71.8,74.7,25250,6.18,11.346,N/A
16-03-2020,,Egypt,150,2,40,0,26,30,22,12.61,30.39,2.4,0,0,102334404,103,25,1.05,4.28,1.6,0.4,0.0015,19.19,27.17,71.8,74.7,25250,6.18,11.346,N/A
17-03-2020,,Egypt,196,4,46,2,26,30,21.06,13.22,28.39,5.7,0,0,102334404,103,25,1.05,4.28,1.6,0.4,0.0019,19.19,27.17,71.8,74.7,25250,6.18,11.346,N/A
18-03-2020,,Egypt,196,6,0,2,26,30,17.44,9.78,23,7.1,0,0,102334404,103,25,1.05,4.28,1.6,0.4,0.0019,19.19,27.17,71.8,74.7,25250,6.18,11.346,N/A
19-03-2020,,Egypt,256,6,60,0,26,30,18.11,9.61,25.78,4.5,0,0,102334404,103,25,1.05,4.28,1.6,0.4,0.0025,19.19,27.17,71.8,74.7,25250,6.18,11.346,N/A
20-03-2020,,Egypt,285,8,29,2,26,30,17.67,9.78,24.78,3.6,0,0,102334404,103,25,1.05,4.28,1.6,0.4,0.0028,19.19,27.17,71.8,74.7,25250,6.18,11.346,N/A
21-03-2020,,Egypt,294,10,9,2,26,30,16.83,10.39,23.61,7.5,0,0,102334404,103,25,1.05,4.28,1.6,0.4,0.0029,19.19,27.17,71.8,74.7,25250,6.18,11.346,N/A
22-03-2020,,Egypt,327,14,33,4,26,30,17.78,7.39,27.22,3.1,0,0,102334404,103,25,1.05,4.28,1.6,0.4,0.0032,19.19,27.17,71.8,74.7,25250,6.18,11.346,N/A
23-03-2020,,Egypt,366,19,39,5,26,30,23.61,12.61,33.61,1.9,0,0,102334404,103,25,1.05,4.28,1.6,0.4,0.0036,19.19,27.17,71.8,74.7,25250,6.18,11.346,N/A
24-03-2020,,Egypt,402,20,36,1,26,30,26,18.61,33.39,3.4,0,0,102334404,103,25,1.05,4.28,1.6,0.4,0.0039,19.19,27.17,71.8,74.7,25250,6.18,11.346,N/A
25-03-2020,,Egypt,456,21,54,1,26,30,23.5,15,31.61,4.5,0,0,102334404,103,25,1.05,4.28,1.6,0.4,0.0045,19.19,27.17,71.8,74.7,25250,6.18,11.346,N/A
26-03-2020,,Egypt,495,24,39,3,26,30,26.28,15,36.61,2.6,0,0,102334404,103,25,1.05,4.28,1.6,0.4,0.0048,19.19,27.17,71.8,74.7,25250,6.18,11.346,N/A
27-03-2020,,Egypt,536,30,41,6,26,30,26.39,22.22,30.61,18,0,0,102334404,103,25,1.05,4.28,1.6,0.4,0.0052,19.19,27.17,71.8,74.7,25250,6.18,11.346,N/A
28-03-2020,,Egypt,576,36,40,6,26,30,21.56,16.22,27,8.1,0,0,102334404,103,25,1.05,4.28,1.6,0.4,0.0056,19.19,27.17,71.8,74.7,25250,6.18,11.346,N/A
29-03-2020,,Egypt,609,40,33,4,26,30,22,12.78,28,6,0,0,102334404,103,25,1.05,4.28,1.6,0.4,0.0060,19.19,27.17,71.8,74.7,25250,6.18,11.346,N/A
30-03-2020,,Egypt,656,41,47,1,26,30,22,12.78,28,6,0,0,102334404,103,25,1.05,4.28,1.6,0.4,0.0064,19.19,27.17,71.8,74.7,25250,6.18,11.346,N/A
