Date,State,Country,Cumulative_cases,Cumulative_death,Daily_cases,Daily_death,Latitude,Longitude,Temperature,Min_temperature,Max_temperature,Wind_speed,Precipitation,Fog_Presence,Population,Population Density/km,Median_Age,Sex_Ratio,Age%_65+,Hospital Beds/1000,Available Beds/1000,Confirmed Cases/1000,Lung Patients (F),Lung Patients (M),Life Expectancy (M),Life Expectancy (F),Total_tests_conducted,Out_Travels (mill.),In_travels(mill.),Domestic_Travels (mill.)
22-01-2020,,Finland,0,0,0,0,64,26,0.06,-1.72,1.89,7.8,0.02,1,5540720,18,43,0.97,21.51,4.4,1.1,0.000,5.47,15.97,78.1,84.2,24200,10.48,3.224,N/A
23-01-2020,,Finland,0,0,0,0,64,26,-1.83,-3.89,0.72,7.5,0.03,1,5540720,18,43,0.97,21.51,4.4,1.1,0.000,5.47,15.97,78.1,84.2,24200,10.48,3.224,N/A
24-01-2020,,Finland,0,0,0,0,64,26,0.78,-0.28,1.61,5.8,0.08,0,5540720,18,43,0.97,21.51,4.4,1.1,0.000,5.47,15.97,78.1,84.2,24200,10.48,3.224,N/A
25-01-2020,,Finland,0,0,0,0,64,26,-0.78,-3.28,0.89,8.3,0.01,0,5540720,18,43,0.97,21.51,4.4,1.1,0.000,5.47,15.97,78.1,84.2,24200,10.48,3.224,N/A
26-01-2020,,Finland,0,0,0,0,64,26,-1,-3.89,2.22,6.1,0.19,1,5540720,18,43,0.97,21.51,4.4,1.1,0.000,5.47,15.97,78.1,84.2,24200,10.48,3.224,N/A
27-01-2020,,Finland,0,0,0,0,64,26,-5.5,-7.78,-3.89,4.9,0.03,1,5540720,18,43,0.97,21.51,4.4,1.1,0.000,5.47,15.97,78.1,84.2,24200,10.48,3.224,N/A
28-01-2020,,Finland,0,0,0,0,64,26,-2.22,-5.28,0.39,5.8,0.28,1,5540720,18,43,0.97,21.51,4.4,1.1,0.000,5.47,15.97,78.1,84.2,24200,10.48,3.224,N/A
29-01-2020,,Finland,1,0,1,0,64,26,-0.5,-1.39,0.5,6.6,0.03,1,5540720,18,43,0.97,21.51,4.4,1.1,0.000,5.47,15.97,78.1,84.2,24200,10.48,3.224,N/A
30-01-2020,,Finland,1,0,0,0,64,26,-1.28,-1.61,-0.61,5.6,0,0,5540720,18,43,0.97,21.51,4.4,1.1,0.000,5.47,15.97,78.1,84.2,24200,10.48,3.224,N/A
31-01-2020,,Finland,1,0,0,0,64,26,-2.22,-3.78,-1.28,5.8,0.01,1,5540720,18,43,0.97,21.51,4.4,1.1,0.000,5.47,15.97,78.1,84.2,24200,10.48,3.224,N/A
01-02-2020,,Finland,1,0,0,0,64,26,-2.61,-5,2.39,8.7,0.02,1,5540720,18,43,0.97,21.51,4.4,1.1,0.000,5.47,15.97,78.1,84.2,24200,10.48,3.224,N/A
02-02-2020,,Finland,1,0,0,0,64,26,1.83,-1.61,3.28,9.5,0.35,1,5540720,18,43,0.97,21.51,4.4,1.1,0.000,5.47,15.97,78.1,84.2,24200,10.48,3.224,N/A
03-02-2020,,Finland,1,0,0,0,64,26,-0.56,-2.22,0.5,9,0.01,0,5540720,18,43,0.97,21.51,4.4,1.1,0.000,5.47,15.97,78.1,84.2,24200,10.48,3.224,N/A
04-02-2020,,Finland,1,0,0,0,64,26,-5.17,-7,-3.22,8.3,0,0,5540720,18,43,0.97,21.51,4.4,1.1,0.000,5.47,15.97,78.1,84.2,24200,10.48,3.224,N/A
05-02-2020,,Finland,1,0,0,0,64,26,-4.56,-11,-0.39,6.8,0.04,1,5540720,18,43,0.97,21.51,4.4,1.1,0.000,5.47,15.97,78.1,84.2,24200,10.48,3.224,N/A
06-02-2020,,Finland,1,0,0,0,64,26,-4.83,-7.28,-1.72,8.7,0.02,1,5540720,18,43,0.97,21.51,4.4,1.1,0.000,5.47,15.97,78.1,84.2,24200,10.48,3.224,N/A
07-02-2020,,Finland,1,0,0,0,64,26,-5.94,-9.72,-2.78,5.3,0.01,1,5540720,18,43,0.97,21.51,4.4,1.1,0.000,5.47,15.97,78.1,84.2,24200,10.48,3.224,N/A
08-02-2020,,Finland,1,0,0,0,64,26,-1.78,-4.39,0.72,8,0.05,1,5540720,18,43,0.97,21.51,4.4,1.1,0.000,5.47,15.97,78.1,84.2,24200,10.48,3.224,N/A
09-02-2020,,Finland,1,0,0,0,64,26,1.5,0.28,2,17.5,0.04,1,5540720,18,43,0.97,21.51,4.4,1.1,0.000,5.47,15.97,78.1,84.2,24200,10.48,3.224,N/A
10-02-2020,,Finland,1,0,0,0,64,26,1.89,0.5,3.28,22.1,0.59,1,5540720,18,43,0.97,21.51,4.4,1.1,0.000,5.47,15.97,78.1,84.2,24200,10.48,3.224,N/A
11-02-2020,,Finland,1,0,0,0,64,26,2.11,1.22,3.39,18.5,0.24,1,5540720,18,43,0.97,21.51,4.4,1.1,0.000,5.47,15.97,78.1,84.2,24200,10.48,3.224,N/A
12-02-2020,,Finland,1,0,0,0,64,26,1.22,1,1.89,13.1,0.04,1,5540720,18,43,0.97,21.51,4.4,1.1,0.000,5.47,15.97,78.1,84.2,24200,10.48,3.224,N/A
13-02-2020,,Finland,1,0,0,0,64,26,0.83,0.28,1.72,9.7,0.15,1,5540720,18,43,0.97,21.51,4.4,1.1,0.000,5.47,15.97,78.1,84.2,24200,10.48,3.224,N/A
14-02-2020,,Finland,1,0,0,0,64,26,-0.78,-1.61,0.39,4.6,0.01,1,5540720,18,43,0.97,21.51,4.4,1.1,0.000,5.47,15.97,78.1,84.2,24200,10.48,3.224,N/A
15-02-2020,,Finland,1,0,0,0,64,26,-0.06,-1.61,0.78,13.4,0.04,1,5540720,18,43,0.97,21.51,4.4,1.1,0.000,5.47,15.97,78.1,84.2,24200,10.48,3.224,N/A
16-02-2020,,Finland,1,0,0,0,64,26,1.78,0.28,2.89,19.2,0.51,1,5540720,18,43,0.97,21.51,4.4,1.1,0.000,5.47,15.97,78.1,84.2,24200,10.48,3.224,N/A
17-02-2020,,Finland,1,0,0,0,64,26,4.11,2.11,4.78,23.1,0.71,1,5540720,18,43,0.97,21.51,4.4,1.1,0.000,5.47,15.97,78.1,84.2,24200,10.48,3.224,N/A
18-02-2020,,Finland,1,0,0,0,64,26,3.56,2.89,4.5,17.7,0.12,1,5540720,18,43,0.97,21.51,4.4,1.1,0.000,5.47,15.97,78.1,84.2,24200,10.48,3.224,N/A
19-02-2020,,Finland,1,0,0,0,64,26,2.83,2.28,4.78,10.9,0.01,0,5540720,18,43,0.97,21.51,4.4,1.1,0.000,5.47,15.97,78.1,84.2,24200,10.48,3.224,N/A
20-02-2020,,Finland,1,0,0,0,64,26,0.06,-1.11,2.5,3.1,0,0,5540720,18,43,0.97,21.51,4.4,1.1,0.000,5.47,15.97,78.1,84.2,24200,10.48,3.224,N/A
21-02-2020,,Finland,1,0,0,0,64,26,2,-1.22,3.89,18.2,0.08,1,5540720,18,43,0.97,21.51,4.4,1.1,0.000,5.47,15.97,78.1,84.2,24200,10.48,3.224,N/A
22-02-2020,,Finland,1,0,0,0,64,26,2.5,1.5,3.28,26.7,0.57,1,5540720,18,43,0.97,21.51,4.4,1.1,0.000,5.47,15.97,78.1,84.2,24200,10.48,3.224,N/A
23-02-2020,,Finland,1,0,0,0,64,26,2.5,0.72,3.5,13.6,0.24,1,5540720,18,43,0.97,21.51,4.4,1.1,0.000,5.47,15.97,78.1,84.2,24200,10.48,3.224,N/A
24-02-2020,,Finland,1,0,0,0,64,26,0.89,-0.22,2.39,7.8,0,1,5540720,18,43,0.97,21.51,4.4,1.1,0.000,5.47,15.97,78.1,84.2,24200,10.48,3.224,N/A
25-02-2020,,Finland,1,0,0,0,64,26,-0.94,-3.61,2.78,5.8,0,0,5540720,18,43,0.97,21.51,4.4,1.1,0.000,5.47,15.97,78.1,84.2,24200,10.48,3.224,N/A
26-02-2020,,Finland,2,0,1,0,64,26,-3.17,-5.39,0.72,5.3,0,0,5540720,18,43,0.97,21.51,4.4,1.1,0.000,5.47,15.97,78.1,84.2,24200,10.48,3.224,N/A
27-02-2020,,Finland,2,0,0,0,64,26,-4.78,-8.61,-0.28,5.8,0,0,5540720,18,43,0.97,21.51,4.4,1.1,0.000,5.47,15.97,78.1,84.2,24200,10.48,3.224,N/A
28-02-2020,,Finland,2,0,0,0,64,26,-5.72,-8.28,-4.22,4.6,0.08,1,5540720,18,43,0.97,21.51,4.4,1.1,0.000,5.47,15.97,78.1,84.2,24200,10.48,3.224,N/A
29-02-2020,,Finland,3,0,1,0,64,26,-5.33,-11.28,-0.61,4.9,0.01,0,5540720,18,43,0.97,21.51,4.4,1.1,0.001,5.47,15.97,78.1,84.2,24200,10.48,3.224,N/A
01-03-2020,,Finland,6,0,3,0,64,26,0.44,-2.22,2.22,11.9,0.24,1,5540720,18,43,0.97,21.51,4.4,1.1,0.001,5.47,15.97,78.1,84.2,24200,10.48,3.224,N/A
02-03-2020,,Finland,6,0,0,0,64,26,1.61,-0.39,2.5,12.4,0.11,1,5540720,18,43,0.97,21.51,4.4,1.1,0.001,5.47,15.97,78.1,84.2,24200,10.48,3.224,N/A
03-03-2020,,Finland,6,0,0,0,64,26,1,-1.39,2.72,5.1,0.01,0,5540720,18,43,0.97,21.51,4.4,1.1,0.001,5.47,15.97,78.1,84.2,24200,10.48,3.224,N/A
04-03-2020,,Finland,6,0,0,0,64,26,0.72,0.22,2.11,8,0.24,1,5540720,18,43,0.97,21.51,4.4,1.1,0.001,5.47,15.97,78.1,84.2,24200,10.48,3.224,N/A
05-03-2020,,Finland,12,0,6,0,64,26,1.94,0.39,3,7,0.55,1,5540720,18,43,0.97,21.51,4.4,1.1,0.002,5.47,15.97,78.1,84.2,24200,10.48,3.224,N/A
06-03-2020,,Finland,15,0,3,0,64,26,1.22,-0.89,2.5,11.2,0.06,1,5540720,18,43,0.97,21.51,4.4,1.1,0.003,5.47,15.97,78.1,84.2,24200,10.48,3.224,N/A
07-03-2020,,Finland,15,0,0,0,64,26,0.5,-1.89,4.89,3.1,0,1,5540720,18,43,0.97,21.51,4.4,1.1,0.003,5.47,15.97,78.1,84.2,24200,10.48,3.224,N/A
08-03-2020,,Finland,23,0,8,0,64,26,0.5,-1.11,4.5,5.5,0,0,5540720,18,43,0.97,21.51,4.4,1.1,0.004,5.47,15.97,78.1,84.2,24200,10.48,3.224,N/A
09-03-2020,,Finland,30,0,7,0,64,26,2.44,-1.28,4.22,11.4,0,0,5540720,18,43,0.97,21.51,4.4,1.1,0.005,5.47,15.97,78.1,84.2,24200,10.48,3.224,N/A
10-03-2020,,Finland,40,0,10,0,64,26,2.83,1.61,4.78,10.4,0.13,1,5540720,18,43,0.97,21.51,4.4,1.1,0.007,5.47,15.97,78.1,84.2,24200,10.48,3.224,N/A
11-03-2020,,Finland,59,0,19,0,64,26,3.44,2.28,5.39,9.7,0.22,1,5540720,18,43,0.97,21.51,4.4,1.1,0.011,5.47,15.97,78.1,84.2,24200,10.48,3.224,N/A
12-03-2020,,Finland,59,0,0,0,64,26,2.39,1,3.5,9.2,0.09,1,5540720,18,43,0.97,21.51,4.4,1.1,0.011,5.47,15.97,78.1,84.2,24200,10.48,3.224,N/A
13-03-2020,,Finland,155,0,96,0,64,26,0.94,-2.39,5.28,6.4,0.03,1,5540720,18,43,0.97,21.51,4.4,1.1,0.028,5.47,15.97,78.1,84.2,24200,10.48,3.224,N/A
14-03-2020,,Finland,225,0,70,0,64,26,-3.83,-6.28,-0.89,7,0,1,5540720,18,43,0.97,21.51,4.4,1.1,0.041,5.47,15.97,78.1,84.2,24200,10.48,3.224,N/A
15-03-2020,,Finland,244,0,19,0,64,26,-1.5,-8.28,2.72,14.8,0,0,5540720,18,43,0.97,21.51,4.4,1.1,0.044,5.47,15.97,78.1,84.2,24200,10.48,3.224,N/A
16-03-2020,,Finland,277,0,33,0,64,26,1.44,-1,5.39,15.1,0.16,1,5540720,18,43,0.97,21.51,4.4,1.1,0.050,5.47,15.97,78.1,84.2,24200,10.48,3.224,N/A
17-03-2020,,Finland,321,0,44,0,64,26,0.17,-5.28,2.78,12.8,0,0,5540720,18,43,0.97,21.51,4.4,1.1,0.058,5.47,15.97,78.1,84.2,24200,10.48,3.224,N/A
18-03-2020,,Finland,336,0,15,0,64,26,2.67,1.5,3.61,11.4,0.08,1,5540720,18,43,0.97,21.51,4.4,1.1,0.061,5.47,15.97,78.1,84.2,24200,10.48,3.224,N/A
19-03-2020,,Finland,400,0,64,0,64,26,1.94,0.5,3.72,6.3,0.17,1,5540720,18,43,0.97,21.51,4.4,1.1,0.072,5.47,15.97,78.1,84.2,24200,10.48,3.224,N/A
20-03-2020,,Finland,450,0,50,0,64,26,-0.22,-4.5,2,6.1,0,0,5540720,18,43,0.97,21.51,4.4,1.1,0.081,5.47,15.97,78.1,84.2,24200,10.48,3.224,N/A
21-03-2020,,Finland,523,1,73,1,64,26,-2.33,-7.89,2.5,4.6,0,0,5540720,18,43,0.97,21.51,4.4,1.1,0.094,5.47,15.97,78.1,84.2,24200,10.48,3.224,N/A
22-03-2020,,Finland,626,1,103,0,64,26,-1.89,-7,2.39,3.4,0,0,5540720,18,43,0.97,21.51,4.4,1.1,0.113,5.47,15.97,78.1,84.2,24200,10.48,3.224,N/A
23-03-2020,,Finland,700,1,74,0,64,26,-0.17,-4,2.28,10,0,0,5540720,18,43,0.97,21.51,4.4,1.1,0.126,5.47,15.97,78.1,84.2,24200,10.48,3.224,N/A
24-03-2020,,Finland,792,1,92,0,64,26,1.89,0.5,3.39,16.8,0,0,5540720,18,43,0.97,21.51,4.4,1.1,0.143,5.47,15.97,78.1,84.2,24200,10.48,3.224,N/A
25-03-2020,,Finland,880,3,88,2,64,26,4.17,1.89,6.39,17.7,0,0,5540720,18,43,0.97,21.51,4.4,1.1,0.159,5.47,15.97,78.1,84.2,24200,10.48,3.224,N/A
26-03-2020,,Finland,958,5,78,2,64,26,3.56,2.61,4.72,9.7,0,0,5540720,18,43,0.97,21.51,4.4,1.1,0.173,5.47,15.97,78.1,84.2,24200,10.48,3.224,N/A
27-03-2020,,Finland,1041,7,83,2,64,26,3,0.28,5,9.2,0,0,5540720,18,43,0.97,21.51,4.4,1.1,0.188,5.47,15.97,78.1,84.2,24200,10.48,3.224,N/A
28-03-2020,,Finland,1167,9,126,2,64,26,3.44,1.11,6.22,8,0,0,5540720,18,43,0.97,21.51,4.4,1.1,0.211,5.47,15.97,78.1,84.2,24200,10.48,3.224,N/A
29-03-2020,,Finland,1240,11,73,2,64,26,-0.5,-4.39,2.61,4.4,0,0,5540720,18,43,0.97,21.51,4.4,1.1,0.224,5.47,15.97,78.1,84.2,24200,10.48,3.224,N/A
30-03-2020,,Finland,1352,13,112,2,64,26,-0.5,-4.39,2.61,4.4,0,0,5540720,18,43,0.97,21.51,4.4,1.1,0.244,5.47,15.97,78.1,84.2,24200,10.48,3.224,N/A
