Date,State,Country,Cumulative_cases,Cumulative_death,Daily_cases,Daily_death,Latitude,Longitude,Temperature,Min_temperature,Max_temperature,Wind_speed,Precipitation,Fog_Presence,Population,Population Density/km,Median_Age,Sex_Ratio,Age%_65+,Hospital Beds/1000,Available Beds/1000,Confirmed Cases/1000,Lung Patients (F),Lung Patients (M),Life Expectancy (M),Life Expectancy (F),Total_tests_conducted,Out_Travels (mill.),In_travels(mill.),Domestic_Travels (mill.)
22-01-2020,,Germany,0,0,0,0,51,9,-2.72,-7,1,0.8,99.99,1,83783942,240,46,0.97,22.36,8.3,2.075,0.0000000,16.32,24.67,78.6,83.4,918460,N/A,"38,881",N/A
23-01-2020,,Germany,0,0,0,0,51,9,0.06,-4,2,1.6,0,1,83783942,240,46,0.97,22.36,8.3,2.075,0.0000000,16.32,24.67,78.6,83.4,918460,N/A,"38,881",N/A
24-01-2020,,Germany,0,0,0,0,51,9,-0.83,-4,0,6.5,0,0,83783942,240,46,0.97,22.36,8.3,2.075,0.0000000,16.32,24.67,78.6,83.4,918460,N/A,"38,881",N/A
25-01-2020,,Germany,0,0,0,0,51,9,-0.56,-1,0,5.4,0,0,83783942,240,46,0.97,22.36,8.3,2.075,0.0000000,16.32,24.67,78.6,83.4,918460,N/A,"38,881",N/A
26-01-2020,,Germany,0,0,0,0,51,9,0.94,-1,3,5.5,99.99,1,83783942,240,46,0.97,22.36,8.3,2.075,0.0000000,16.32,24.67,78.6,83.4,918460,N/A,"38,881",N/A
27-01-2020,,Germany,1,0,1,0,51,9,5.33,3,7,9.2,99.99,1,83783942,240,46,0.97,22.36,8.3,2.075,0.0000119,16.32,24.67,78.6,83.4,918460,N/A,"38,881",N/A
28-01-2020,,Germany,4,0,3,0,51,9,4.44,2,6,11.6,99.99,1,83783942,240,46,0.97,22.36,8.3,2.075,0.0000477,16.32,24.67,78.6,83.4,918460,N/A,"38,881",N/A
29-01-2020,,Germany,4,0,0,0,51,9,3.06,2,6,8.9,99.99,1,83783942,240,46,0.97,22.36,8.3,2.075,0.0000477,16.32,24.67,78.6,83.4,918460,N/A,"38,881",N/A
30-01-2020,,Germany,4,0,0,0,51,9,6.06,3,8,11.7,99.99,1,83783942,240,46,0.97,22.36,8.3,2.075,0.0000477,16.32,24.67,78.6,83.4,918460,N/A,"38,881",N/A
31-01-2020,,Germany,5,0,1,0,51,9,11.56,9,14,8.9,99.99,1,83783942,240,46,0.97,22.36,8.3,2.075,0.0000597,16.32,24.67,78.6,83.4,918460,N/A,"38,881",N/A
01-02-2020,,Germany,8,0,3,0,51,9,10.22,8,12,11.1,99.99,1,83783942,240,46,0.97,22.36,8.3,2.075,0.0000955,16.32,24.67,78.6,83.4,918460,N/A,"38,881",N/A
02-02-2020,,Germany,10,0,2,0,51,9,8.72,6,12,9.2,99.99,1,83783942,240,46,0.97,22.36,8.3,2.075,0.0001194,16.32,24.67,78.6,83.4,918460,N/A,"38,881",N/A
03-02-2020,,Germany,12,0,2,0,51,9,9.22,6,11,9.3,99.99,1,83783942,240,46,0.97,22.36,8.3,2.075,0.0001432,16.32,24.67,78.6,83.4,918460,N/A,"38,881",N/A
04-02-2020,,Germany,12,0,0,0,51,9,3.94,2,6,6,99.99,1,83783942,240,46,0.97,22.36,8.3,2.075,0.0001432,16.32,24.67,78.6,83.4,918460,N/A,"38,881",N/A
05-02-2020,,Germany,12,0,0,0,51,9,2.61,-1,7,6.2,0,0,83783942,240,46,0.97,22.36,8.3,2.075,0.0001432,16.32,24.67,78.6,83.4,918460,N/A,"38,881",N/A
06-02-2020,,Germany,12,0,0,0,51,9,1.56,-2,5,2.6,0,0,83783942,240,46,0.97,22.36,8.3,2.075,0.0001432,16.32,24.67,78.6,83.4,918460,N/A,"38,881",N/A
07-02-2020,,Germany,13,0,1,0,51,9,2.33,-2,6,3.5,0,0,83783942,240,46,0.97,22.36,8.3,2.075,0.0001552,16.32,24.67,78.6,83.4,918460,N/A,"38,881",N/A
08-02-2020,,Germany,13,0,0,0,51,9,2.33,-3,6,4.4,0,0,83783942,240,46,0.97,22.36,8.3,2.075,0.0001552,16.32,24.67,78.6,83.4,918460,N/A,"38,881",N/A
09-02-2020,,Germany,14,0,1,0,51,9,8.39,4,12,18.7,99.99,1,83783942,240,46,0.97,22.36,8.3,2.075,0.0001671,16.32,24.67,78.6,83.4,918460,N/A,"38,881",N/A
10-02-2020,,Germany,14,0,0,0,51,9,7.11,3,12,18.8,99.99,1,83783942,240,46,0.97,22.36,8.3,2.075,0.0001671,16.32,24.67,78.6,83.4,918460,N/A,"38,881",N/A
11-02-2020,,Germany,16,0,2,0,51,9,3.89,2,6,16,99.99,1,83783942,240,46,0.97,22.36,8.3,2.075,0.0001910,16.32,24.67,78.6,83.4,918460,N/A,"38,881",N/A
12-02-2020,,Germany,16,0,0,0,51,9,3.5,1,7,12.6,99.99,1,83783942,240,46,0.97,22.36,8.3,2.075,0.0001910,16.32,24.67,78.6,83.4,918460,N/A,"38,881",N/A
13-02-2020,,Germany,16,0,0,0,51,9,2.72,0,5,6.9,99.99,1,83783942,240,46,0.97,22.36,8.3,2.075,0.0001910,16.32,24.67,78.6,83.4,918460,N/A,"38,881",N/A
14-02-2020,,Germany,16,0,0,0,51,9,4.5,1,7,4.9,99.99,1,83783942,240,46,0.97,22.36,8.3,2.075,0.0001910,16.32,24.67,78.6,83.4,918460,N/A,"38,881",N/A
15-02-2020,,Germany,16,0,0,0,51,9,6.67,3,10,9.8,0,0,83783942,240,46,0.97,22.36,8.3,2.075,0.0001910,16.32,24.67,78.6,83.4,918460,N/A,"38,881",N/A
16-02-2020,,Germany,16,0,0,0,51,9,12,9,15,19,99.99,1,83783942,240,46,0.97,22.36,8.3,2.075,0.0001910,16.32,24.67,78.6,83.4,918460,N/A,"38,881",N/A
17-02-2020,,Germany,16,0,0,0,51,9,7.5,5,9,11.1,99.99,1,83783942,240,46,0.97,22.36,8.3,2.075,0.0001910,16.32,24.67,78.6,83.4,918460,N/A,"38,881",N/A
18-02-2020,,Germany,16,0,0,0,51,9,5.89,5,8,12.2,99.99,1,83783942,240,46,0.97,22.36,8.3,2.075,0.0001910,16.32,24.67,78.6,83.4,918460,N/A,"38,881",N/A
19-02-2020,,Germany,16,0,0,0,51,9,4.44,1,7,9.5,99.99,1,83783942,240,46,0.97,22.36,8.3,2.075,0.0001910,16.32,24.67,78.6,83.4,918460,N/A,"38,881",N/A
20-02-2020,,Germany,16,0,0,0,51,9,5.72,3,8,10.5,99.99,1,83783942,240,46,0.97,22.36,8.3,2.075,0.0001910,16.32,24.67,78.6,83.4,918460,N/A,"38,881",N/A
21-02-2020,,Germany,16,0,0,0,51,9,5.61,4,8,11.3,0,0,83783942,240,46,0.97,22.36,8.3,2.075,0.0001910,16.32,24.67,78.6,83.4,918460,N/A,"38,881",N/A
22-02-2020,,Germany,16,0,0,0,51,9,7.11,4,10,13.5,99.99,1,83783942,240,46,0.97,22.36,8.3,2.075,0.0001910,16.32,24.67,78.6,83.4,918460,N/A,"38,881",N/A
23-02-2020,,Germany,16,0,0,0,51,9,9.11,5,13,14.2,99.99,1,83783942,240,46,0.97,22.36,8.3,2.075,0.0001910,16.32,24.67,78.6,83.4,918460,N/A,"38,881",N/A
24-02-2020,,Germany,16,0,0,0,51,9,5.06,0,10,8.7,99.99,1,83783942,240,46,0.97,22.36,8.3,2.075,0.0001910,16.32,24.67,78.6,83.4,918460,N/A,"38,881",N/A
25-02-2020,,Germany,17,0,1,0,51,9,7.67,3,10,11,99.99,1,83783942,240,46,0.97,22.36,8.3,2.075,0.0002029,16.32,24.67,78.6,83.4,918460,N/A,"38,881",N/A
26-02-2020,,Germany,27,0,10,0,51,9,3,2,4,9.1,99.99,1,83783942,240,46,0.97,22.36,8.3,2.075,0.0003223,16.32,24.67,78.6,83.4,918460,N/A,"38,881",N/A
27-02-2020,,Germany,46,0,19,0,51,9,2.39,1,4,7.3,99.99,1,83783942,240,46,0.97,22.36,8.3,2.075,0.0005490,16.32,24.67,78.6,83.4,918460,N/A,"38,881",N/A
28-02-2020,,Germany,48,0,2,0,51,9,3,0,6,8.4,99.99,1,83783942,240,46,0.97,22.36,8.3,2.075,0.0005729,16.32,24.67,78.6,83.4,918460,N/A,"38,881",N/A
29-02-2020,,Germany,79,0,31,0,51,9,7.39,3,12,10,99.99,1,83783942,240,46,0.97,22.36,8.3,2.075,0.0009429,16.32,24.67,78.6,83.4,918460,N/A,"38,881",N/A
01-03-2020,,Germany,130,0,51,0,51,9,6.56,4,9,9.7,99.99,1,83783942,240,46,0.97,22.36,8.3,2.075,0.0015516,16.32,24.67,78.6,83.4,918460,N/A,"38,881",N/A
02-03-2020,,Germany,159,0,29,0,51,9,6.22,2,10,6.2,99.99,1,83783942,240,46,0.97,22.36,8.3,2.075,0.0018977,16.32,24.67,78.6,83.4,918460,N/A,"38,881",N/A
03-03-2020,,Germany,196,0,37,0,51,9,4.33,-1,8,4.1,99.99,1,83783942,240,46,0.97,22.36,8.3,2.075,0.0023394,16.32,24.67,78.6,83.4,918460,N/A,"38,881",N/A
04-03-2020,,Germany,262,0,66,0,51,9,3.06,-2,9,5.2,99.99,1,83783942,240,46,0.97,22.36,8.3,2.075,0.0031271,16.32,24.67,78.6,83.4,918460,N/A,"38,881",N/A
05-03-2020,,Germany,482,0,220,0,51,9,4.44,0,9,4.8,99.99,1,83783942,240,46,0.97,22.36,8.3,2.075,0.0057529,16.32,24.67,78.6,83.4,918460,N/A,"38,881",N/A
06-03-2020,,Germany,670,0,188,0,51,9,5.06,4,7,6.1,99.99,1,83783942,240,46,0.97,22.36,8.3,2.075,0.0079968,16.32,24.67,78.6,83.4,918460,N/A,"38,881",N/A
07-03-2020,,Germany,799,0,129,0,51,9,4.44,1,7,5.9,99.99,1,83783942,240,46,0.97,22.36,8.3,2.075,0.0095364,16.32,24.67,78.6,83.4,918460,N/A,"38,881",N/A
08-03-2020,,Germany,1040,0,241,0,51,9,7.22,3,10,10,99.99,1,83783942,240,46,0.97,22.36,8.3,2.075,0.0124129,16.32,24.67,78.6,83.4,918460,N/A,"38,881",N/A
09-03-2020,,Germany,1176,2,136,2,51,9,6.94,3,11,6.9,99.99,1,83783942,240,46,0.97,22.36,8.3,2.075,0.0140361,16.32,24.67,78.6,83.4,918460,N/A,"38,881",N/A
10-03-2020,,Germany,1457,2,281,0,51,9,7.72,5,13,12.2,99.99,1,83783942,240,46,0.97,22.36,8.3,2.075,0.0173900,16.32,24.67,78.6,83.4,918460,N/A,"38,881",N/A
11-03-2020,,Germany,1908,3,451,1,51,9,10.72,7,14,6.3,99.99,1,83783942,240,46,0.97,22.36,8.3,2.075,0.0227729,16.32,24.67,78.6,83.4,918460,N/A,"38,881",N/A
12-03-2020,,Germany,2078,3,170,0,51,9,9.89,5,13,13.5,99.99,1,83783942,240,46,0.97,22.36,8.3,2.075,0.0248019,16.32,24.67,78.6,83.4,918460,N/A,"38,881",N/A
13-03-2020,,Germany,3675,7,1597,4,51,9,5.61,2,10,10.2,99.99,1,83783942,240,46,0.97,22.36,8.3,2.075,0.0438628,16.32,24.67,78.6,83.4,918460,N/A,"38,881",N/A
14-03-2020,,Germany,4585,9,910,2,51,9,5.44,1,10,3.7,0,0,83783942,240,46,0.97,22.36,8.3,2.075,0.0547241,16.32,24.67,78.6,83.4,918460,N/A,"38,881",N/A
15-03-2020,,Germany,5795,11,1210,2,51,9,7.61,3,14,7.2,0,0,83783942,240,46,0.97,22.36,8.3,2.075,0.0691660,16.32,24.67,78.6,83.4,918460,N/A,"38,881",N/A
16-03-2020,,Germany,7272,17,1477,6,51,9,8.5,-1,17,4.1,0,0,83783942,240,46,0.97,22.36,8.3,2.075,0.0867947,16.32,24.67,78.6,83.4,918460,N/A,"38,881",N/A
17-03-2020,,Germany,9257,24,1985,7,51,9,9.5,4,16,2.7,99.99,1,83783942,240,46,0.97,22.36,8.3,2.075,0.1104866,16.32,24.67,78.6,83.4,918460,N/A,"38,881",N/A
18-03-2020,,Germany,12327,28,3070,4,51,9,7.94,0,16,4.7,0,0,83783942,240,46,0.97,22.36,8.3,2.075,0.1471284,16.32,24.67,78.6,83.4,918460,N/A,"38,881",N/A
19-03-2020,,Germany,15320,44,2993,16,51,9,10.5,5,16,2.7,0,0,83783942,240,46,0.97,22.36,8.3,2.075,0.1828513,16.32,24.67,78.6,83.4,918460,N/A,"38,881",N/A
20-03-2020,,Germany,19848,67,4528,23,51,9,7.89,5,11,6.2,0,0,83783942,240,46,0.97,22.36,8.3,2.075,0.2368950,16.32,24.67,78.6,83.4,918460,N/A,"38,881",N/A
21-03-2020,,Germany,22213,84,2365,17,51,9,4.83,2,7,10,0,0,83783942,240,46,0.97,22.36,8.3,2.075,0.2651224,16.32,24.67,78.6,83.4,918460,N/A,"38,881",N/A
22-03-2020,,Germany,24873,94,2660,10,51,9,2.33,-1,6,8.8,0,0,83783942,240,46,0.97,22.36,8.3,2.075,0.2968707,16.32,24.67,78.6,83.4,918460,N/A,"38,881",N/A
23-03-2020,,Germany,29056,123,4183,29,51,9,1.39,-5,7,5.9,0,0,83783942,240,46,0.97,22.36,8.3,2.075,0.3467968,16.32,24.67,78.6,83.4,918460,N/A,"38,881",N/A
24-03-2020,,Germany,32986,157,3930,34,51,9,1.67,-6,8,4.6,0,0,83783942,240,46,0.97,22.36,8.3,2.075,0.3937031,16.32,24.67,78.6,83.4,918460,N/A,"38,881",N/A
25-03-2020,,Germany,37323,206,4337,49,51,9,2.56,-5,10,6.5,0,0,83783942,240,46,0.97,22.36,8.3,2.075,0.4454672,16.32,24.67,78.6,83.4,918460,N/A,"38,881",N/A
26-03-2020,,Germany,43938,267,6615,61,51,9,4.94,-1,10,8.1,0,0,83783942,240,46,0.97,22.36,8.3,2.075,0.5244203,16.32,24.67,78.6,83.4,918460,N/A,"38,881",N/A
27-03-2020,,Germany,50871,342,6933,75,51,9,8.61,-1,16,6.1,0,0,83783942,240,46,0.97,22.36,8.3,2.075,0.6071689,16.32,24.67,78.6,83.4,918460,N/A,"38,881",N/A
28-03-2020,,Germany,57695,433,6824,91,51,9,8.39,3,15,7.8,0,0,83783942,240,46,0.97,22.36,8.3,2.075,0.6886164,16.32,24.67,78.6,83.4,918460,N/A,"38,881",N/A
29-03-2020,,Germany,62095,533,4400,100,51,9,3.61,1,6,10.1,0,0,83783942,240,46,0.97,22.36,8.3,2.075,0.7411325,16.32,24.67,78.6,83.4,918460,N/A,"38,881",N/A
30-03-2020,,Germany,66885,645,4790,112,51,9,3.61,1,6,10.1,0,0,83783942,240,46,0.97,22.36,8.3,2.075,0.7983033,16.32,24.67,78.6,83.4,918460,N/A,"38,881",N/A
