Date,State,Country,Cumulative_cases,Cumulative_death,Daily_cases,Daily_death,Latitude,Longitude,Temperature,Min_temperature,Max_temperature,Wind_speed,Precipitation,Fog_Presence,Population,Population Density/km,Median_Age,Sex_Ratio,Age%_65+,Hospital Beds/1000,Available Beds/1000,Confirmed Cases/1000,Lung Patients (F),Lung Patients (M),Life Expectancy (M),Life Expectancy (F),Total_tests_conducted,Out_Travels (mill.),In_travels(mill.),Domestic_Travels (mill.)
22-01-2020,,India,0,0,0,0,21,78,26.28,17.61,29.78,1.9,0,0,1380004385,464,28,1.08,6.39,0.7,0.175,0.0000000,87.54,106.89,67.8,70.5,47951,N/A,"17,423",N/A
23-01-2020,,India,0,0,0,0,21,78,27.11,18.39,31,1.9,0,0,1380004385,464,28,1.08,6.39,0.7,0.175,0.0000000,87.54,106.89,67.8,70.5,47951,N/A,"17,423",N/A
24-01-2020,,India,0,0,0,0,21,78,25.22,15.61,29.39,1.9,0,0,1380004385,464,28,1.08,6.39,0.7,0.175,0.0000000,87.54,106.89,67.8,70.5,47951,N/A,"17,423",N/A
25-01-2020,,India,0,0,0,0,21,78,25.33,15.39,28,1.9,0,0,1380004385,464,28,1.08,6.39,0.7,0.175,0.0000000,87.54,106.89,67.8,70.5,47951,N/A,"17,423",N/A
26-01-2020,,India,0,0,0,0,21,78,24.94,14,30.5,0.7,0,0,1380004385,464,28,1.08,6.39,0.7,0.175,0.0000000,87.54,106.89,67.8,70.5,47951,N/A,"17,423",N/A
27-01-2020,,India,0,0,0,0,21,78,26.39,14,31.22,1.9,0,0,1380004385,464,28,1.08,6.39,0.7,0.175,0.0000000,87.54,106.89,67.8,70.5,47951,N/A,"17,423",N/A
28-01-2020,,India,0,0,0,0,21,78,24.83,16.22,28.78,1.9,0,0,1380004385,464,28,1.08,6.39,0.7,0.175,0.0000000,87.54,106.89,67.8,70.5,47951,N/A,"17,423",N/A
29-01-2020,,India,0,0,0,0,21,78,25.28,17,28.78,1.7,0,0,1380004385,464,28,1.08,6.39,0.7,0.175,0.0000000,87.54,106.89,67.8,70.5,47951,N/A,"17,423",N/A
30-01-2020,,India,1,0,1,0,21,78,24,13.61,27.39,1.9,0,0,1380004385,464,28,1.08,6.39,0.7,0.175,0.0000007,87.54,106.89,67.8,70.5,47951,N/A,"17,423",N/A
31-01-2020,,India,1,0,0,0,21,78,22.89,11.22,26.78,1.9,0,0,1380004385,464,28,1.08,6.39,0.7,0.175,0.0000007,87.54,106.89,67.8,70.5,47951,N/A,"17,423",N/A
01-02-2020,,India,1,0,0,0,21,78,23.28,14.22,26.22,1.9,0,0,1380004385,464,28,1.08,6.39,0.7,0.175,0.0000007,87.54,106.89,67.8,70.5,47951,N/A,"17,423",N/A
02-02-2020,,India,2,0,1,0,21,78,22.72,14,25.78,1.9,0,0,1380004385,464,28,1.08,6.39,0.7,0.175,0.0000014,87.54,106.89,67.8,70.5,47951,N/A,"17,423",N/A
03-02-2020,,India,3,0,1,0,21,78,23.11,16.78,26,4.5,0,0,1380004385,464,28,1.08,6.39,0.7,0.175,0.0000022,87.54,106.89,67.8,70.5,47951,N/A,"17,423",N/A
04-02-2020,,India,3,0,0,0,21,78,24.83,16,28.61,1.9,0,0,1380004385,464,28,1.08,6.39,0.7,0.175,0.0000022,87.54,106.89,67.8,70.5,47951,N/A,"17,423",N/A
05-02-2020,,India,3,0,0,0,21,78,24.28,16.39,27.61,1.9,0,0,1380004385,464,28,1.08,6.39,0.7,0.175,0.0000022,87.54,106.89,67.8,70.5,47951,N/A,"17,423",N/A
06-02-2020,,India,3,0,0,0,21,78,25.11,15.22,29.78,1.9,0.12,0,1380004385,464,28,1.08,6.39,0.7,0.175,0.0000022,87.54,106.89,67.8,70.5,47951,N/A,"17,423",N/A
07-02-2020,,India,3,0,0,0,21,78,22.28,16,24.78,1.9,0,0,1380004385,464,28,1.08,6.39,0.7,0.175,0.0000022,87.54,106.89,67.8,70.5,47951,N/A,"17,423",N/A
08-02-2020,,India,3,0,0,0,21,78,21.5,15.22,25.22,1.9,0,0,1380004385,464,28,1.08,6.39,0.7,0.175,0.0000022,87.54,106.89,67.8,70.5,47951,N/A,"17,423",N/A
09-02-2020,,India,3,0,0,0,21,78,21.61,12.39,25.22,3.5,0,0,1380004385,464,28,1.08,6.39,0.7,0.175,0.0000022,87.54,106.89,67.8,70.5,47951,N/A,"17,423",N/A
10-02-2020,,India,3,0,0,0,21,78,23.17,11.72,27.5,2.5,0,0,1380004385,464,28,1.08,6.39,0.7,0.175,0.0000022,87.54,106.89,67.8,70.5,47951,N/A,"17,423",N/A
11-02-2020,,India,3,0,0,0,21,78,25.28,14,29,2.7,0,0,1380004385,464,28,1.08,6.39,0.7,0.175,0.0000022,87.54,106.89,67.8,70.5,47951,N/A,"17,423",N/A
12-02-2020,,India,3,0,0,0,21,78,26.22,15.39,29.5,1.7,0,0,1380004385,464,28,1.08,6.39,0.7,0.175,0.0000022,87.54,106.89,67.8,70.5,47951,N/A,"17,423",N/A
13-02-2020,,India,3,0,0,0,21,78,28.22,16.39,32.39,1.9,0,0,1380004385,464,28,1.08,6.39,0.7,0.175,0.0000022,87.54,106.89,67.8,70.5,47951,N/A,"17,423",N/A
14-02-2020,,India,3,0,0,0,21,78,27.28,15,31.78,1.9,0,0,1380004385,464,28,1.08,6.39,0.7,0.175,0.0000022,87.54,106.89,67.8,70.5,47951,N/A,"17,423",N/A
15-02-2020,,India,3,0,0,0,21,78,27.83,15.5,33.39,1.2,0,0,1380004385,464,28,1.08,6.39,0.7,0.175,0.0000022,87.54,106.89,67.8,70.5,47951,N/A,"17,423",N/A
16-02-2020,,India,3,0,0,0,21,78,28.83,16.61,33.61,1.9,0,0,1380004385,464,28,1.08,6.39,0.7,0.175,0.0000022,87.54,106.89,67.8,70.5,47951,N/A,"17,423",N/A
17-02-2020,,India,3,0,0,0,21,78,29.28,16.61,33,1.9,0,0,1380004385,464,28,1.08,6.39,0.7,0.175,0.0000022,87.54,106.89,67.8,70.5,47951,N/A,"17,423",N/A
18-02-2020,,India,3,0,0,0,21,78,26.67,14.89,32,2.8,0,0,1380004385,464,28,1.08,6.39,0.7,0.175,0.0000022,87.54,106.89,67.8,70.5,47951,N/A,"17,423",N/A
19-02-2020,,India,3,0,0,0,21,78,29.72,15.22,34.39,1.9,0,0,1380004385,464,28,1.08,6.39,0.7,0.175,0.0000022,87.54,106.89,67.8,70.5,47951,N/A,"17,423",N/A
20-02-2020,,India,3,0,0,0,21,78,29.17,17,33.22,1.9,0,0,1380004385,464,28,1.08,6.39,0.7,0.175,0.0000022,87.54,106.89,67.8,70.5,47951,N/A,"17,423",N/A
21-02-2020,,India,3,0,0,0,21,78,28.61,20,32.39,1.9,0,0,1380004385,464,28,1.08,6.39,0.7,0.175,0.0000022,87.54,106.89,67.8,70.5,47951,N/A,"17,423",N/A
22-02-2020,,India,3,0,0,0,21,78,30.22,19,33.78,1.9,0,0,1380004385,464,28,1.08,6.39,0.7,0.175,0.0000022,87.54,106.89,67.8,70.5,47951,N/A,"17,423",N/A
23-02-2020,,India,3,0,0,0,21,78,30.06,19.39,33,2,0,0,1380004385,464,28,1.08,6.39,0.7,0.175,0.0000022,87.54,106.89,67.8,70.5,47951,N/A,"17,423",N/A
24-02-2020,,India,3,0,0,0,21,78,29.78,19.78,33.78,1.9,0,0,1380004385,464,28,1.08,6.39,0.7,0.175,0.0000022,87.54,106.89,67.8,70.5,47951,N/A,"17,423",N/A
25-02-2020,,India,3,0,0,0,21,78,26.22,15.78,28,1.9,0,0,1380004385,464,28,1.08,6.39,0.7,0.175,0.0000022,87.54,106.89,67.8,70.5,47951,N/A,"17,423",N/A
26-02-2020,,India,3,0,0,0,21,78,27,13.5,31,2.2,0,0,1380004385,464,28,1.08,6.39,0.7,0.175,0.0000022,87.54,106.89,67.8,70.5,47951,N/A,"17,423",N/A
27-02-2020,,India,3,0,0,0,21,78,27.44,15.39,31.11,1.2,0,0,1380004385,464,28,1.08,6.39,0.7,0.175,0.0000022,87.54,106.89,67.8,70.5,47951,N/A,"17,423",N/A
28-02-2020,,India,3,0,0,0,21,78,29.39,16.78,32.39,1.9,0,0,1380004385,464,28,1.08,6.39,0.7,0.175,0.0000022,87.54,106.89,67.8,70.5,47951,N/A,"17,423",N/A
29-02-2020,,India,3,0,0,0,21,78,29.28,16.78,33.39,1.9,0,0,1380004385,464,28,1.08,6.39,0.7,0.175,0.0000022,87.54,106.89,67.8,70.5,47951,N/A,"17,423",N/A
01-03-2020,,India,3,0,0,0,21,78,26.56,19,35.28,1.1,0.04,1,1380004385,464,28,1.08,6.39,0.7,0.175,0.0000022,87.54,106.89,67.8,70.5,47951,N/A,"17,423",N/A
02-03-2020,,India,5,0,2,0,21,78,29.06,17.22,33.22,1.9,0.01,0,1380004385,464,28,1.08,6.39,0.7,0.175,0.0000036,87.54,106.89,67.8,70.5,47951,N/A,"17,423",N/A
03-03-2020,,India,5,0,0,0,21,78,30,18.61,34.22,1.9,0,0,1380004385,464,28,1.08,6.39,0.7,0.175,0.0000036,87.54,106.89,67.8,70.5,47951,N/A,"17,423",N/A
04-03-2020,,India,28,0,23,0,21,78,28.78,17.39,33.22,1.9,0,0,1380004385,464,28,1.08,6.39,0.7,0.175,0.0000203,87.54,106.89,67.8,70.5,47951,N/A,"17,423",N/A
05-03-2020,,India,30,0,2,0,21,78,29.67,17.5,34,1.5,0,0,1380004385,464,28,1.08,6.39,0.7,0.175,0.0000217,87.54,106.89,67.8,70.5,47951,N/A,"17,423",N/A
06-03-2020,,India,31,0,1,0,21,78,27.44,16.22,33.22,1.9,0,0,1380004385,464,28,1.08,6.39,0.7,0.175,0.0000225,87.54,106.89,67.8,70.5,47951,N/A,"17,423",N/A
07-03-2020,,India,34,0,3,0,21,78,28.17,17.22,31.22,1.9,0,0,1380004385,464,28,1.08,6.39,0.7,0.175,0.0000246,87.54,106.89,67.8,70.5,47951,N/A,"17,423",N/A
08-03-2020,,India,39,0,5,0,21,78,30.22,18.78,33,1.9,0,0,1380004385,464,28,1.08,6.39,0.7,0.175,0.0000283,87.54,106.89,67.8,70.5,47951,N/A,"17,423",N/A
09-03-2020,,India,43,0,4,0,21,78,28.78,20,31.78,1.9,0,0,1380004385,464,28,1.08,6.39,0.7,0.175,0.0000312,87.54,106.89,67.8,70.5,47951,N/A,"17,423",N/A
10-03-2020,,India,56,0,13,0,21,78,29.56,20.22,32.61,1.9,0,0,1380004385,464,28,1.08,6.39,0.7,0.175,0.0000406,87.54,106.89,67.8,70.5,47951,N/A,"17,423",N/A
11-03-2020,,India,62,1,6,1,21,78,27.56,22.11,33.11,1.2,0,0,1380004385,464,28,1.08,6.39,0.7,0.175,0.0000449,87.54,106.89,67.8,70.5,47951,N/A,"17,423",N/A
12-03-2020,,India,73,1,11,0,21,78,29.22,19.39,33.78,1.9,0,0,1380004385,464,28,1.08,6.39,0.7,0.175,0.0000529,87.54,106.89,67.8,70.5,47951,N/A,"17,423",N/A
13-03-2020,,India,82,2,9,1,21,78,26.89,18.39,33.22,1.5,0,0,1380004385,464,28,1.08,6.39,0.7,0.175,0.0000594,87.54,106.89,67.8,70.5,47951,N/A,"17,423",N/A
14-03-2020,,India,102,2,20,0,21,78,30,19.39,34.22,1.9,0,0,1380004385,464,28,1.08,6.39,0.7,0.175,0.0000739,87.54,106.89,67.8,70.5,47951,N/A,"17,423",N/A
15-03-2020,,India,113,2,11,0,21,78,29.67,17.39,34,1.9,0,0,1380004385,464,28,1.08,6.39,0.7,0.175,0.0000819,87.54,106.89,67.8,70.5,47951,N/A,"17,423",N/A
16-03-2020,,India,119,2,6,0,21,78,30.28,18.78,33.78,1.9,0,0,1380004385,464,28,1.08,6.39,0.7,0.175,0.0000862,87.54,106.89,67.8,70.5,47951,N/A,"17,423",N/A
17-03-2020,,India,142,3,23,1,21,78,31.61,21.39,35.39,1.9,0,0,1380004385,464,28,1.08,6.39,0.7,0.175,0.0001029,87.54,106.89,67.8,70.5,47951,N/A,"17,423",N/A
18-03-2020,,India,156,3,14,0,21,78,29.33,19,33,1.9,0.24,0,1380004385,464,28,1.08,6.39,0.7,0.175,0.0001130,87.54,106.89,67.8,70.5,47951,N/A,"17,423",N/A
19-03-2020,,India,194,4,38,1,21,78,31.89,21,36.61,1.9,0,0,1380004385,464,28,1.08,6.39,0.7,0.175,0.0001406,87.54,106.89,67.8,70.5,47951,N/A,"17,423",N/A
20-03-2020,,India,244,5,50,1,21,78,30.67,19,36.39,1.9,0,0,1380004385,464,28,1.08,6.39,0.7,0.175,0.0001768,87.54,106.89,67.8,70.5,47951,N/A,"17,423",N/A
21-03-2020,,India,330,4,86,-1,21,78,31.39,18.78,36.22,1.9,0,0,1380004385,464,28,1.08,6.39,0.7,0.175,0.0002391,87.54,106.89,67.8,70.5,47951,N/A,"17,423",N/A
22-03-2020,,India,396,7,66,3,21,78,28.67,18.11,36.28,0.5,0,0,1380004385,464,28,1.08,6.39,0.7,0.175,0.0002870,87.54,106.89,67.8,70.5,47951,N/A,"17,423",N/A
23-03-2020,,India,499,10,103,3,21,78,33.56,19.61,37,1.9,0,0,1380004385,464,28,1.08,6.39,0.7,0.175,0.0003616,87.54,106.89,67.8,70.5,47951,N/A,"17,423",N/A
24-03-2020,,India,536,10,37,0,21,78,34.78,23,39.39,1.9,0,0,1380004385,464,28,1.08,6.39,0.7,0.175,0.0003884,87.54,106.89,67.8,70.5,47951,N/A,"17,423",N/A
25-03-2020,,India,657,12,121,2,21,78,33.22,22.78,36,1.9,0,0,1380004385,464,28,1.08,6.39,0.7,0.175,0.0004761,87.54,106.89,67.8,70.5,47951,N/A,"17,423",N/A
26-03-2020,,India,727,20,70,8,21,78,27.39,18.39,31,1.9,0.71,0,1380004385,464,28,1.08,6.39,0.7,0.175,0.0005268,87.54,106.89,67.8,70.5,47951,N/A,"17,423",N/A
27-03-2020,,India,887,20,160,0,21,78,31.67,22.61,36.39,1.9,0,0,1380004385,464,28,1.08,6.39,0.7,0.175,0.0006428,87.54,106.89,67.8,70.5,47951,N/A,"17,423",N/A
28-03-2020,,India,987,24,100,4,21,78,32.61,21.61,37.22,1.9,0.04,0,1380004385,464,28,1.08,6.39,0.7,0.175,0.0007152,87.54,106.89,67.8,70.5,47951,N/A,"17,423",N/A
29-03-2020,,India,1024,27,37,3,21,78,32.78,23.22,36.61,1.9,0,0,1380004385,464,28,1.08,6.39,0.7,0.175,0.0007420,87.54,106.89,67.8,70.5,47951,N/A,"17,423",N/A
30-03-2020,,India,1251,32,227,5,21,78,32.78,23.22,36.61,1.9,0,0,1380004385,464,28,1.08,6.39,0.7,0.175,0.0009065,87.54,106.89,67.8,70.5,47951,N/A,"17,423",N/A
