Date,State,Country,Cumulative_cases,Cumulative_death,Daily_cases,Daily_death,Latitude,Longitude,Temperature,Min_temperature,Max_temperature,Wind_speed,Precipitation,Fog_Presence,Population,Population Density/km,Median_Age,Sex_Ratio,Age%_65+,Hospital Beds/1000,Available Beds/1000,Confirmed Cases/1000,Lung Patients (F),Lung Patients (M),Life Expectancy (M),Life Expectancy (F),Total_tests_conducted,Out_Travels (mill.),In_travels(mill.),Domestic_Travels (mill.)
22-01-2020,,Iran,0,0,0,0,32,53,1.5,-4.11,6.39,6.1,0,1,83992949,52,32,1.03,5.48,1.5,0.375,0,16.47,20.99,72.8,75.6,80000,7.243,7.295,N/A
23-01-2020,,Iran,0,0,0,0,32,53,0.89,-3.5,7,5.8,0.13,1,83992949,52,32,1.03,5.48,1.5,0.375,0,16.47,20.99,72.8,75.6,80000,7.243,7.295,N/A
24-01-2020,,Iran,0,0,0,0,32,53,-0.89,-6.22,6.22,3.9,0,0,83992949,52,32,1.03,5.48,1.5,0.375,0,16.47,20.99,72.8,75.6,80000,7.243,7.295,N/A
25-01-2020,,Iran,0,0,0,0,32,53,0.33,-6.22,7.22,4.6,0,1,83992949,52,32,1.03,5.48,1.5,0.375,0,16.47,20.99,72.8,75.6,80000,7.243,7.295,N/A
26-01-2020,,Iran,0,0,0,0,32,53,-0.61,-3.78,4.28,4.6,0.09,1,83992949,52,32,1.03,5.48,1.5,0.375,0,16.47,20.99,72.8,75.6,80000,7.243,7.295,N/A
27-01-2020,,Iran,0,0,0,0,32,53,0.28,-6.5,8.61,4.1,0,0,83992949,52,32,1.03,5.48,1.5,0.375,0,16.47,20.99,72.8,75.6,80000,7.243,7.295,N/A
28-01-2020,,Iran,0,0,0,0,32,53,0.78,-6.11,9.61,4.6,0,0,83992949,52,32,1.03,5.48,1.5,0.375,0,16.47,20.99,72.8,75.6,80000,7.243,7.295,N/A
29-01-2020,,Iran,0,0,0,0,32,53,3.61,-3.61,12.61,6.6,0,0,83992949,52,32,1.03,5.48,1.5,0.375,0,16.47,20.99,72.8,75.6,80000,7.243,7.295,N/A
30-01-2020,,Iran,0,0,0,0,32,53,2.78,-1.61,7.89,6.8,0,0,83992949,52,32,1.03,5.48,1.5,0.375,0,16.47,20.99,72.8,75.6,80000,7.243,7.295,N/A
31-01-2020,,Iran,0,0,0,0,32,53,2.89,-5.89,11.78,5.3,0,0,83992949,52,32,1.03,5.48,1.5,0.375,0,16.47,20.99,72.8,75.6,80000,7.243,7.295,N/A
01-02-2020,,Iran,0,0,0,0,32,53,4.5,-2.22,10.72,15.5,0,0,83992949,52,32,1.03,5.48,1.5,0.375,0,16.47,20.99,72.8,75.6,80000,7.243,7.295,N/A
02-02-2020,,Iran,0,0,0,0,32,53,2.83,-1.39,6.89,9.7,0,0,83992949,52,32,1.03,5.48,1.5,0.375,0,16.47,20.99,72.8,75.6,80000,7.243,7.295,N/A
03-02-2020,,Iran,0,0,0,0,32,53,1,-5.28,9.11,4.4,0,0,83992949,52,32,1.03,5.48,1.5,0.375,0,16.47,20.99,72.8,75.6,80000,7.243,7.295,N/A
04-02-2020,,Iran,0,0,0,0,32,53,4.61,-4.11,11.72,7.5,0,0,83992949,52,32,1.03,5.48,1.5,0.375,0,16.47,20.99,72.8,75.6,80000,7.243,7.295,N/A
05-02-2020,,Iran,0,0,0,0,32,53,5.17,-2.72,12.39,7.3,0,0,83992949,52,32,1.03,5.48,1.5,0.375,0,16.47,20.99,72.8,75.6,80000,7.243,7.295,N/A
06-02-2020,,Iran,0,0,0,0,32,53,6.56,-1.11,15.78,5.8,0,0,83992949,52,32,1.03,5.48,1.5,0.375,0,16.47,20.99,72.8,75.6,80000,7.243,7.295,N/A
07-02-2020,,Iran,0,0,0,0,32,53,7.61,-1.78,15.11,5.5,0,0,83992949,52,32,1.03,5.48,1.5,0.375,0,16.47,20.99,72.8,75.6,80000,7.243,7.295,N/A
08-02-2020,,Iran,0,0,0,0,32,53,10.11,5.39,15.5,14.1,0,0,83992949,52,32,1.03,5.48,1.5,0.375,0,16.47,20.99,72.8,75.6,80000,7.243,7.295,N/A
09-02-2020,,Iran,0,0,0,0,32,53,8.39,5.39,12.39,18.9,0,0,83992949,52,32,1.03,5.48,1.5,0.375,0,16.47,20.99,72.8,75.6,80000,7.243,7.295,N/A
10-02-2020,,Iran,0,0,0,0,32,53,4.22,0,9.11,16,0,0,83992949,52,32,1.03,5.48,1.5,0.375,0,16.47,20.99,72.8,75.6,80000,7.243,7.295,N/A
11-02-2020,,Iran,0,0,0,0,32,53,0.17,-4.22,6.5,18.7,0,0,83992949,52,32,1.03,5.48,1.5,0.375,0,16.47,20.99,72.8,75.6,80000,7.243,7.295,N/A
12-02-2020,,Iran,0,0,0,0,32,53,0.33,-6.72,6,10,0,0,83992949,52,32,1.03,5.48,1.5,0.375,0,16.47,20.99,72.8,75.6,80000,7.243,7.295,N/A
13-02-2020,,Iran,0,0,0,0,32,53,5.22,-5.22,14.11,5.1,0,0,83992949,52,32,1.03,5.48,1.5,0.375,0,16.47,20.99,72.8,75.6,80000,7.243,7.295,N/A
14-02-2020,,Iran,0,0,0,0,32,53,8.17,0.28,16.5,6.6,0,0,83992949,52,32,1.03,5.48,1.5,0.375,0,16.47,20.99,72.8,75.6,80000,7.243,7.295,N/A
15-02-2020,,Iran,0,0,0,0,32,53,5.83,-2.61,15.11,4.4,0,0,83992949,52,32,1.03,5.48,1.5,0.375,0,16.47,20.99,72.8,75.6,80000,7.243,7.295,N/A
16-02-2020,,Iran,0,0,0,0,32,53,8.78,-3.39,19.22,4.4,0,0,83992949,52,32,1.03,5.48,1.5,0.375,0,16.47,20.99,72.8,75.6,80000,7.243,7.295,N/A
17-02-2020,,Iran,0,0,0,0,32,53,9.94,3.5,18,6.8,0,0,83992949,52,32,1.03,5.48,1.5,0.375,0,16.47,20.99,72.8,75.6,80000,7.243,7.295,N/A
18-02-2020,,Iran,0,0,0,0,32,53,11,4,18.11,4.4,0,0,83992949,52,32,1.03,5.48,1.5,0.375,0,16.47,20.99,72.8,75.6,80000,7.243,7.295,N/A
19-02-2020,,Iran,2,2,2,2,32,53,13.5,3.28,21.11,6.3,0,0,83992949,52,32,1.03,5.48,1.5,0.375,2.38E-05,16.47,20.99,72.8,75.6,80000,7.243,7.295,N/A
20-02-2020,,Iran,5,2,3,0,32,53,10.61,6.89,15.72,13.1,0,0,83992949,52,32,1.03,5.48,1.5,0.375,5.95E-05,16.47,20.99,72.8,75.6,80000,7.243,7.295,N/A
21-02-2020,,Iran,18,4,13,2,32,53,9.11,2.78,18.22,4.1,0,0,83992949,52,32,1.03,5.48,1.5,0.375,0.000214304,16.47,20.99,72.8,75.6,80000,7.243,7.295,N/A
22-02-2020,,Iran,28,5,10,1,32,53,9.39,1.5,16.61,5.8,0,0,83992949,52,32,1.03,5.48,1.5,0.375,0.000333361,16.47,20.99,72.8,75.6,80000,7.243,7.295,N/A
23-02-2020,,Iran,43,8,15,3,32,53,9.11,1.39,16.78,5.3,0,0,83992949,52,32,1.03,5.48,1.5,0.375,0.000511948,16.47,20.99,72.8,75.6,80000,7.243,7.295,N/A
24-02-2020,,Iran,61,12,18,4,32,53,12.33,2.89,21.5,3.4,0,0,83992949,52,32,1.03,5.48,1.5,0.375,0.000726251,16.47,20.99,72.8,75.6,80000,7.243,7.295,N/A
25-02-2020,,Iran,95,16,34,4,32,53,15.44,9,20.39,14.8,0,0,83992949,52,32,1.03,5.48,1.5,0.375,0.001131047,16.47,20.99,72.8,75.6,80000,7.243,7.295,N/A
26-02-2020,,Iran,139,19,44,3,32,53,7.94,3.22,12.11,16.4,0.44,1,83992949,52,32,1.03,5.48,1.5,0.375,0.001654901,16.47,20.99,72.8,75.6,80000,7.243,7.295,N/A
27-02-2020,,Iran,245,26,106,7,32,53,6,-1.61,14,3.9,0,0,83992949,52,32,1.03,5.48,1.5,0.375,0.002916912,16.47,20.99,72.8,75.6,80000,7.243,7.295,N/A
28-02-2020,,Iran,388,34,143,8,32,53,9,-0.78,19.22,3.1,0,0,83992949,52,32,1.03,5.48,1.5,0.375,0.004619435,16.47,20.99,72.8,75.6,80000,7.243,7.295,N/A
29-02-2020,,Iran,593,43,205,9,32,53,12.39,4.22,21.11,4.9,0,0,83992949,52,32,1.03,5.48,1.5,0.375,0.007060116,16.47,20.99,72.8,75.6,80000,7.243,7.295,N/A
01-03-2020,,Iran,978,54,385,11,32,53,11.78,2.78,20.11,7.3,0,0,83992949,52,32,1.03,5.48,1.5,0.375,0.011643835,16.47,20.99,72.8,75.6,80000,7.243,7.295,N/A
02-03-2020,,Iran,1501,66,523,12,32,53,10.67,7.22,16.89,13.6,0,0,83992949,52,32,1.03,5.48,1.5,0.375,0.017870548,16.47,20.99,72.8,75.6,80000,7.243,7.295,N/A
03-03-2020,,Iran,2336,77,835,11,32,53,7.67,1.72,14.28,8.7,0,0,83992949,52,32,1.03,5.48,1.5,0.375,0.027811858,16.47,20.99,72.8,75.6,80000,7.243,7.295,N/A
04-03-2020,,Iran,2922,92,586,15,32,53,4.61,0.22,10.5,5.8,0,0,83992949,52,32,1.03,5.48,1.5,0.375,0.034788634,16.47,20.99,72.8,75.6,80000,7.243,7.295,N/A
05-03-2020,,Iran,3513,107,591,15,32,53,6.56,-2,15.39,3.6,0,0,83992949,52,32,1.03,5.48,1.5,0.375,0.041824939,16.47,20.99,72.8,75.6,80000,7.243,7.295,N/A
06-03-2020,,Iran,4747,124,1234,17,32,53,9.11,-1.61,19.22,4.4,0,0,83992949,52,32,1.03,5.48,1.5,0.375,0.056516649,16.47,20.99,72.8,75.6,80000,7.243,7.295,N/A
07-03-2020,,Iran,5823,145,1076,21,32,53,11.56,-0.28,20.11,3.9,0,0,83992949,52,32,1.03,5.48,1.5,0.375,0.069327248,16.47,20.99,72.8,75.6,80000,7.243,7.295,N/A
08-03-2020,,Iran,6566,194,743,49,32,53,9,4.89,14.61,6.8,0,0,83992949,52,32,1.03,5.48,1.5,0.375,0.078173229,16.47,20.99,72.8,75.6,80000,7.243,7.295,N/A
09-03-2020,,Iran,7161,237,595,43,32,53,5.56,1.61,10.72,9.5,0,0,83992949,52,32,1.03,5.48,1.5,0.375,0.085257157,16.47,20.99,72.8,75.6,80000,7.243,7.295,N/A
10-03-2020,,Iran,8042,291,881,54,32,53,4.83,-4.78,12.78,5.3,0,0,83992949,52,32,1.03,5.48,1.5,0.375,0.095746132,16.47,20.99,72.8,75.6,80000,7.243,7.295,N/A
11-03-2020,,Iran,9000,354,958,63,32,53,6.78,-3.72,16.61,4.9,0,0,83992949,52,32,1.03,5.48,1.5,0.375,0.107151852,16.47,20.99,72.8,75.6,80000,7.243,7.295,N/A
12-03-2020,,Iran,10075,429,1075,75,32,53,10.39,-0.72,20,5.3,0,0,83992949,52,32,1.03,5.48,1.5,0.375,0.119950545,16.47,20.99,72.8,75.6,80000,7.243,7.295,N/A
13-03-2020,,Iran,11364,514,1289,85,32,53,11.5,1.61,23,3.6,0,0,83992949,52,32,1.03,5.48,1.5,0.375,0.135297071,16.47,20.99,72.8,75.6,80000,7.243,7.295,N/A
14-03-2020,,Iran,12729,611,1365,97,32,53,11.06,8.72,20.61,7.8,0,0,83992949,52,32,1.03,5.48,1.5,0.375,0.151548435,16.47,20.99,72.8,75.6,80000,7.243,7.295,N/A
15-03-2020,,Iran,13938,724,1209,113,32,53,10.67,7.61,15,8.3,0,1,83992949,52,32,1.03,5.48,1.5,0.375,0.165942501,16.47,20.99,72.8,75.6,80000,7.243,7.295,N/A
16-03-2020,,Iran,14991,853,1053,129,32,53,10.89,2.78,17.72,5.6,0.01,0,83992949,52,32,1.03,5.48,1.5,0.375,0.178479267,16.47,20.99,72.8,75.6,80000,7.243,7.295,N/A
17-03-2020,,Iran,16169,988,1178,135,32,53,12.28,4.11,19.5,2.5,0,0,83992949,52,32,1.03,5.48,1.5,0.375,0.192504254,16.47,20.99,72.8,75.6,80000,7.243,7.295,N/A
18-03-2020,,Iran,17361,1135,1192,147,32,53,10,4.5,14.39,4.1,0,0,83992949,52,32,1.03,5.48,1.5,0.375,0.206695922,16.47,20.99,72.8,75.6,80000,7.243,7.295,N/A
19-03-2020,,Iran,18407,1284,1046,149,32,53,11.22,6.28,18.11,7.5,0.13,1,83992949,52,32,1.03,5.48,1.5,0.375,0.219149348,16.47,20.99,72.8,75.6,80000,7.243,7.295,N/A
20-03-2020,,Iran,19644,1433,1237,149,32,53,10.39,1.39,18.39,6.3,0,0,83992949,52,32,1.03,5.48,1.5,0.375,0.233876775,16.47,20.99,72.8,75.6,80000,7.243,7.295,N/A
21-03-2020,,Iran,20610,1556,966,123,32,53,10.89,1.89,17.78,7.2,0,0,83992949,52,32,1.03,5.48,1.5,0.375,0.24537774,16.47,20.99,72.8,75.6,80000,7.243,7.295,N/A
22-03-2020,,Iran,21638,1685,1028,129,32,53,6.22,2.22,11.39,6.3,0.02,1,83992949,52,32,1.03,5.48,1.5,0.375,0.257616863,16.47,20.99,72.8,75.6,80000,7.243,7.295,N/A
23-03-2020,,Iran,23049,1812,1411,127,32,53,3.5,-0.39,7.78,8.5,0.16,0,83992949,52,32,1.03,5.48,1.5,0.375,0.274415892,16.47,20.99,72.8,75.6,80000,7.243,7.295,N/A
24-03-2020,,Iran,24811,1934,1762,122,32,53,6.17,1.11,11.22,4.9,0,0,83992949,52,32,1.03,5.48,1.5,0.375,0.295393843,16.47,20.99,72.8,75.6,80000,7.243,7.295,N/A
25-03-2020,,Iran,27017,2077,2206,143,32,53,8.67,4.78,14.11,6.3,0,0,83992949,52,32,1.03,5.48,1.5,0.375,0.321657953,16.47,20.99,72.8,75.6,80000,7.243,7.295,N/A
26-03-2020,,Iran,29406,2234,2389,157,32,53,7.17,1.72,13.5,4.9,0,1,83992949,52,32,1.03,5.48,1.5,0.375,0.350100816,16.47,20.99,72.8,75.6,80000,7.243,7.295,N/A
27-03-2020,,Iran,32332,2378,2926,144,32,53,9.39,4,15.5,4.1,0.13,0,83992949,52,32,1.03,5.48,1.5,0.375,0.384937074,16.47,20.99,72.8,75.6,80000,7.243,7.295,N/A
28-03-2020,,Iran,35408,2517,3076,139,32,53,9.17,6.5,14.61,4.9,0,1,83992949,52,32,1.03,5.48,1.5,0.375,0.421559195,16.47,20.99,72.8,75.6,80000,7.243,7.295,N/A
29-03-2020,,Iran,38309,2640,2901,123,32,53,7.28,3.78,11.22,4.4,0.22,1,83992949,52,32,1.03,5.48,1.5,0.375,0.456097809,16.47,20.99,72.8,75.6,80000,7.243,7.295,N/A
30-03-2020,,Iran,41495,2757,3186,117,32,53,7.28,3.78,11.22,4.4,0.22,1,83992949,52,32,1.03,5.48,1.5,0.375,0.494029564,16.47,20.99,72.8,75.6,80000,7.243,7.295,N/A
