Date,State,Country,Cumulative_cases,Cumulative_death,Daily_cases,Daily_death,Latitude,Longitude,Temperature,Min_temperature,Max_temperature,Wind_speed,Precipitation,Fog_Presence,Population,Population Density/km,Median_Age,Sex_Ratio,Age%_65+,Hospital Beds/1000,Available Beds/1000,Confirmed Cases/1000,Lung Patients (F),Lung Patients (M),Life Expectancy (M),Life Expectancy (F),Total_tests_conducted,Out_Travels (mill.),In_travels(mill.),Domestic_Travels (mill.)
22-01-2020,,Iraq,0,0,0,0,33,44,9.33,8.78,10.89,5.6,0.28,1,40222493,93,21,1.02,3.55,1.4,0.35,0,0.69,18.37,72.6,77.2,Not Reported,N/A,N/A,N/A
23-01-2020,,Iraq,0,0,0,0,33,44,10,7,14.72,3.9,0.01,0,40222493,93,21,1.02,3.55,1.4,0.35,0,0.69,18.37,72.6,77.2,Not Reported,N/A,N/A,N/A
24-01-2020,,Iraq,0,0,0,0,33,44,9.67,7,14,11.3,0,1,40222493,93,21,1.02,3.55,1.4,0.35,0,0.69,18.37,72.6,77.2,Not Reported,N/A,N/A,N/A
25-01-2020,,Iraq,0,0,0,0,33,44,8.89,5.78,12.5,6.6,0.55,0,40222493,93,21,1.02,3.55,1.4,0.35,0,0.69,18.37,72.6,77.2,Not Reported,N/A,N/A,N/A
26-01-2020,,Iraq,0,0,0,0,33,44,9.39,4.39,14.61,8,0,0,40222493,93,21,1.02,3.55,1.4,0.35,0,0.69,18.37,72.6,77.2,Not Reported,N/A,N/A,N/A
27-01-2020,,Iraq,0,0,0,0,33,44,8.67,2.72,15.39,5.2,0,0,40222493,93,21,1.02,3.55,1.4,0.35,0,0.69,18.37,72.6,77.2,Not Reported,N/A,N/A,N/A
28-01-2020,,Iraq,0,0,0,0,33,44,10.39,2,16.72,3.4,0,0,40222493,93,21,1.02,3.55,1.4,0.35,0,0.69,18.37,72.6,77.2,Not Reported,N/A,N/A,N/A
29-01-2020,,Iraq,0,0,0,0,33,44,12.72,8,18.89,6.5,0,0,40222493,93,21,1.02,3.55,1.4,0.35,0,0.69,18.37,72.6,77.2,Not Reported,N/A,N/A,N/A
30-01-2020,,Iraq,0,0,0,0,33,44,11.89,5.5,19,2.4,0,0,40222493,93,21,1.02,3.55,1.4,0.35,0,0.69,18.37,72.6,77.2,Not Reported,N/A,N/A,N/A
31-01-2020,,Iraq,0,0,0,0,33,44,13.5,6.89,20.5,10.3,0,1,40222493,93,21,1.02,3.55,1.4,0.35,0,0.69,18.37,72.6,77.2,Not Reported,N/A,N/A,N/A
01-02-2020,,Iraq,0,0,0,0,33,44,10.61,5.61,14.89,6.2,0.02,0,40222493,93,21,1.02,3.55,1.4,0.35,0,0.69,18.37,72.6,77.2,Not Reported,N/A,N/A,N/A
02-02-2020,,Iraq,0,0,0,0,33,44,9.44,4.11,15.22,4.7,0,0,40222493,93,21,1.02,3.55,1.4,0.35,0,0.69,18.37,72.6,77.2,Not Reported,N/A,N/A,N/A
03-02-2020,,Iraq,0,0,0,0,33,44,8.5,2.11,14.61,4.8,0,0,40222493,93,21,1.02,3.55,1.4,0.35,0,0.69,18.37,72.6,77.2,Not Reported,N/A,N/A,N/A
04-02-2020,,Iraq,0,0,0,0,33,44,11.06,2.78,18.39,4.6,0,0,40222493,93,21,1.02,3.55,1.4,0.35,0,0.69,18.37,72.6,77.2,Not Reported,N/A,N/A,N/A
05-02-2020,,Iraq,0,0,0,0,33,44,13.5,6,21,6,0,0,40222493,93,21,1.02,3.55,1.4,0.35,0,0.69,18.37,72.6,77.2,Not Reported,N/A,N/A,N/A
06-02-2020,,Iraq,0,0,0,0,33,44,16.33,7.61,23.61,5.7,0,0,40222493,93,21,1.02,3.55,1.4,0.35,0,0.69,18.37,72.6,77.2,Not Reported,N/A,N/A,N/A
07-02-2020,,Iraq,0,0,0,0,33,44,16.67,10.5,23.61,8.2,0,0,40222493,93,21,1.02,3.55,1.4,0.35,0,0.69,18.37,72.6,77.2,Not Reported,N/A,N/A,N/A
08-02-2020,,Iraq,0,0,0,0,33,44,15.06,11,20.39,9.1,0,1,40222493,93,21,1.02,3.55,1.4,0.35,0,0.69,18.37,72.6,77.2,Not Reported,N/A,N/A,N/A
09-02-2020,,Iraq,0,0,0,0,33,44,8.94,5,11.5,8.8,0,0,40222493,93,21,1.02,3.55,1.4,0.35,0,0.69,18.37,72.6,77.2,Not Reported,N/A,N/A,N/A
10-02-2020,,Iraq,0,0,0,0,33,44,4.28,0.28,8,7.8,0,0,40222493,93,21,1.02,3.55,1.4,0.35,0,0.69,18.37,72.6,77.2,Not Reported,N/A,N/A,N/A
11-02-2020,,Iraq,0,0,0,0,33,44,2.61,-1,6.89,6.7,0,1,40222493,93,21,1.02,3.55,1.4,0.35,0,0.69,18.37,72.6,77.2,Not Reported,N/A,N/A,N/A
12-02-2020,,Iraq,0,0,0,0,33,44,6.22,-3.39,11.5,5.4,0,0,40222493,93,21,1.02,3.55,1.4,0.35,0,0.69,18.37,72.6,77.2,Not Reported,N/A,N/A,N/A
13-02-2020,,Iraq,0,0,0,0,33,44,11.72,7,18.22,12.6,0,0,40222493,93,21,1.02,3.55,1.4,0.35,0,0.69,18.37,72.6,77.2,Not Reported,N/A,N/A,N/A
14-02-2020,,Iraq,0,0,0,0,33,44,11.83,7,18.61,8.4,0,0,40222493,93,21,1.02,3.55,1.4,0.35,0,0.69,18.37,72.6,77.2,Not Reported,N/A,N/A,N/A
15-02-2020,,Iraq,0,0,0,0,33,44,11,6,18.5,5.1,0,0,40222493,93,21,1.02,3.55,1.4,0.35,0,0.69,18.37,72.6,77.2,Not Reported,N/A,N/A,N/A
16-02-2020,,Iraq,0,0,0,0,33,44,12.94,5.89,18.78,5.8,0.08,1,40222493,93,21,1.02,3.55,1.4,0.35,0,0.69,18.37,72.6,77.2,Not Reported,N/A,N/A,N/A
17-02-2020,,Iraq,0,0,0,0,33,44,14.06,10,19.89,7.6,0,1,40222493,93,21,1.02,3.55,1.4,0.35,0,0.69,18.37,72.6,77.2,Not Reported,N/A,N/A,N/A
18-02-2020,,Iraq,0,0,0,0,33,44,16.22,8,23.11,5.6,0,1,40222493,93,21,1.02,3.55,1.4,0.35,0,0.69,18.37,72.6,77.2,Not Reported,N/A,N/A,N/A
19-02-2020,,Iraq,0,0,0,0,33,44,17.06,11.78,23.22,6.3,0,1,40222493,93,21,1.02,3.55,1.4,0.35,0,0.69,18.37,72.6,77.2,Not Reported,N/A,N/A,N/A
20-02-2020,,Iraq,0,0,0,0,33,44,14.89,11,20.39,7.1,0,1,40222493,93,21,1.02,3.55,1.4,0.35,0,0.69,18.37,72.6,77.2,Not Reported,N/A,N/A,N/A
21-02-2020,,Iraq,0,0,0,0,33,44,15.44,6.78,23.22,3.3,0,0,40222493,93,21,1.02,3.55,1.4,0.35,0,0.69,18.37,72.6,77.2,Not Reported,N/A,N/A,N/A
22-02-2020,,Iraq,0,0,0,0,33,44,17.22,8,24,11,0,0,40222493,93,21,1.02,3.55,1.4,0.35,0,0.69,18.37,72.6,77.2,Not Reported,N/A,N/A,N/A
23-02-2020,,Iraq,0,0,0,0,33,44,15.67,9.89,22.72,6,0,0,40222493,93,21,1.02,3.55,1.4,0.35,0,0.69,18.37,72.6,77.2,Not Reported,N/A,N/A,N/A
24-02-2020,,Iraq,1,0,1,0,33,44,18.89,11.61,23.78,6.8,0,0,40222493,93,21,1.02,3.55,1.4,0.35,2.49E-05,0.69,18.37,72.6,77.2,Not Reported,N/A,N/A,N/A
25-02-2020,,Iraq,1,0,0,0,33,44,16.56,12,18.5,10.4,0.16,1,40222493,93,21,1.02,3.55,1.4,0.35,2.49E-05,0.69,18.37,72.6,77.2,Not Reported,N/A,N/A,N/A
26-02-2020,,Iraq,5,0,4,0,33,44,13.56,10,18.39,7.5,0,1,40222493,93,21,1.02,3.55,1.4,0.35,0.000124309,0.69,18.37,72.6,77.2,Not Reported,N/A,N/A,N/A
27-02-2020,,Iraq,7,0,2,0,33,44,15,7.11,22.61,4.2,0,0,40222493,93,21,1.02,3.55,1.4,0.35,0.000174032,0.69,18.37,72.6,77.2,Not Reported,N/A,N/A,N/A
28-02-2020,,Iraq,7,0,0,0,33,44,15.83,9,23,3.3,0,0,40222493,93,21,1.02,3.55,1.4,0.35,0.000174032,0.69,18.37,72.6,77.2,Not Reported,N/A,N/A,N/A
29-02-2020,,Iraq,13,0,6,0,33,44,16.5,8,23.61,5.3,0,0,40222493,93,21,1.02,3.55,1.4,0.35,0.000323202,0.69,18.37,72.6,77.2,Not Reported,N/A,N/A,N/A
01-03-2020,,Iraq,19,0,6,0,33,44,15.06,9.78,20.78,8.4,0,0,40222493,93,21,1.02,3.55,1.4,0.35,0.000472373,0.69,18.37,72.6,77.2,Not Reported,N/A,N/A,N/A
02-03-2020,,Iraq,26,0,7,0,33,44,14,8,20.5,6.1,0,0,40222493,93,21,1.02,3.55,1.4,0.35,0.000646404,0.69,18.37,72.6,77.2,Not Reported,N/A,N/A,N/A
03-03-2020,,Iraq,32,0,6,0,33,44,14.78,5.5,22.39,6.7,0,0,40222493,93,21,1.02,3.55,1.4,0.35,0.000795575,0.69,18.37,72.6,77.2,Not Reported,N/A,N/A,N/A
04-03-2020,,Iraq,35,2,3,2,33,44,16.22,9,24,9.2,0,0,40222493,93,21,1.02,3.55,1.4,0.35,0.00087016,0.69,18.37,72.6,77.2,Not Reported,N/A,N/A,N/A
05-03-2020,,Iraq,35,2,0,0,33,44,17.22,8.39,25.61,4.7,0,0,40222493,93,21,1.02,3.55,1.4,0.35,0.00087016,0.69,18.37,72.6,77.2,Not Reported,N/A,N/A,N/A
06-03-2020,,Iraq,40,3,5,1,33,44,19.89,8.5,26.5,13.9,0,0,40222493,93,21,1.02,3.55,1.4,0.35,0.000994468,0.69,18.37,72.6,77.2,Not Reported,N/A,N/A,N/A
07-03-2020,,Iraq,54,4,14,1,33,44,18.61,15,22.89,9.8,0,0,40222493,93,21,1.02,3.55,1.4,0.35,0.001342532,0.69,18.37,72.6,77.2,Not Reported,N/A,N/A,N/A
08-03-2020,,Iraq,60,6,6,2,33,44,18.17,12,26.39,6.4,0,0,40222493,93,21,1.02,3.55,1.4,0.35,0.001491703,0.69,18.37,72.6,77.2,Not Reported,N/A,N/A,N/A
09-03-2020,,Iraq,60,6,0,0,33,44,19.67,12.5,28.72,5.6,0,0,40222493,93,21,1.02,3.55,1.4,0.35,0.001491703,0.69,18.37,72.6,77.2,Not Reported,N/A,N/A,N/A
10-03-2020,,Iraq,71,7,11,1,33,44,19.56,9.22,29.89,4,0,0,40222493,93,21,1.02,3.55,1.4,0.35,0.001765181,0.69,18.37,72.6,77.2,Not Reported,N/A,N/A,N/A
11-03-2020,,Iraq,71,7,0,0,33,44,21.61,13.72,30,5.6,0,0,40222493,93,21,1.02,3.55,1.4,0.35,0.001765181,0.69,18.37,72.6,77.2,Not Reported,N/A,N/A,N/A
12-03-2020,,Iraq,71,8,0,1,33,44,22.89,15.22,28.78,6.2,0,0,40222493,93,21,1.02,3.55,1.4,0.35,0.001765181,0.69,18.37,72.6,77.2,Not Reported,N/A,N/A,N/A
13-03-2020,,Iraq,101,9,30,1,33,44,21,16,25.11,11.4,0,1,40222493,93,21,1.02,3.55,1.4,0.35,0.002511033,0.69,18.37,72.6,77.2,Not Reported,N/A,N/A,N/A
14-03-2020,,Iraq,110,10,9,1,33,44,16.22,15,20.5,10.2,0.16,1,40222493,93,21,1.02,3.55,1.4,0.35,0.002734788,0.69,18.37,72.6,77.2,Not Reported,N/A,N/A,N/A
15-03-2020,,Iraq,116,10,6,0,33,44,18,14.61,23.28,4.1,0,1,40222493,93,21,1.02,3.55,1.4,0.35,0.002883958,0.69,18.37,72.6,77.2,Not Reported,N/A,N/A,N/A
16-03-2020,,Iraq,124,10,8,0,33,44,18.61,12.5,25,3.1,0,0,40222493,93,21,1.02,3.55,1.4,0.35,0.003082852,0.69,18.37,72.6,77.2,Not Reported,N/A,N/A,N/A
17-03-2020,,Iraq,154,11,30,1,33,44,21.22,9.5,28.22,9.6,0,1,40222493,93,21,1.02,3.55,1.4,0.35,0.003828704,0.69,18.37,72.6,77.2,Not Reported,N/A,N/A,N/A
18-03-2020,,Iraq,164,12,10,1,33,44,17.83,14,22,11.5,0.48,1,40222493,93,21,1.02,3.55,1.4,0.35,0.004077321,0.69,18.37,72.6,77.2,Not Reported,N/A,N/A,N/A
19-03-2020,,Iraq,192,13,28,1,33,44,15.72,11.5,19,6.5,0,0,40222493,93,21,1.02,3.55,1.4,0.35,0.004773449,0.69,18.37,72.6,77.2,Not Reported,N/A,N/A,N/A
20-03-2020,,Iraq,208,17,16,4,33,44,16.67,13,22.89,7.8,0,1,40222493,93,21,1.02,3.55,1.4,0.35,0.005171236,0.69,18.37,72.6,77.2,Not Reported,N/A,N/A,N/A
21-03-2020,,Iraq,214,17,6,0,33,44,14.5,8,22,10.2,0.2,1,40222493,93,21,1.02,3.55,1.4,0.35,0.005320406,0.69,18.37,72.6,77.2,Not Reported,N/A,N/A,N/A
22-03-2020,,Iraq,233,20,19,3,33,44,12.94,6.61,19.5,5.8,0,0,40222493,93,21,1.02,3.55,1.4,0.35,0.005792779,0.69,18.37,72.6,77.2,Not Reported,N/A,N/A,N/A
23-03-2020,,Iraq,266,23,33,3,33,44,16.61,9.28,23.89,6.8,0,0,40222493,93,21,1.02,3.55,1.4,0.35,0.006613215,0.69,18.37,72.6,77.2,Not Reported,N/A,N/A,N/A
24-03-2020,,Iraq,316,27,50,4,33,44,19.22,9.28,26,5.6,0,0,40222493,93,21,1.02,3.55,1.4,0.35,0.007856301,0.69,18.37,72.6,77.2,Not Reported,N/A,N/A,N/A
25-03-2020,,Iraq,346,29,30,2,33,44,20.72,15.72,27.5,11.4,0,0,40222493,93,21,1.02,3.55,1.4,0.35,0.008602152,0.69,18.37,72.6,77.2,Not Reported,N/A,N/A,N/A
26-03-2020,,Iraq,382,36,36,7,33,44,21.72,16,29,12.5,0,0,40222493,93,21,1.02,3.55,1.4,0.35,0.009497174,0.69,18.37,72.6,77.2,Not Reported,N/A,N/A,N/A
27-03-2020,,Iraq,458,40,76,4,33,44,21.56,16,26.28,10.9,0,1,40222493,93,21,1.02,3.55,1.4,0.35,0.011386664,0.69,18.37,72.6,77.2,Not Reported,N/A,N/A,N/A
28-03-2020,,Iraq,506,42,48,2,33,44,19.78,14,24.39,7.5,0.02,1,40222493,93,21,1.02,3.55,1.4,0.35,0.012580026,0.69,18.37,72.6,77.2,Not Reported,N/A,N/A,N/A
29-03-2020,,Iraq,547,42,41,0,33,44,17.94,13,23,7,0,0,40222493,93,21,1.02,3.55,1.4,0.35,0.013599356,0.69,18.37,72.6,77.2,Not Reported,N/A,N/A,N/A
30-03-2020,,Iraq,630,46,83,4,33,44,17.94,13,23,7,0,0,40222493,93,21,1.02,3.55,1.4,0.35,0.015662878,0.69,18.37,72.6,77.2,Not Reported,N/A,N/A,N/A
