Date,State,Country,Cumulative_cases,Cumulative_death,Daily_cases,Daily_death,Latitude,Longitude,Temperature,Min_temperature,Max_temperature,Wind_speed,Precipitation,Fog_Presence,Population,Population Density/km,Median_Age,Sex_Ratio,Age%_65+,Hospital Beds/1000,Available Beds/1000,Confirmed Cases/1000,Lung Patients (F),Lung Patients (M),Life Expectancy (M),Life Expectancy (F),Total_tests_conducted,Out_Travels (mill.),In_travels(mill.),Domestic_Travels (mill.)
22-01-2020,,Israel,0,0,0,0,31,35,8.17,6.78,13,999.9,0,0,8655535,400,30,1.01,11.55,3.1,0.775,0,12.81,20.23,80.8,84.7,82692,N/A,4.121,N/A
23-01-2020,,Israel,0,0,0,0,31,35,10.17,5.78,14.78,999.9,0,0,8655535,400,30,1.01,11.55,3.1,0.775,0,12.81,20.23,80.8,84.7,82692,N/A,4.121,N/A
24-01-2020,,Israel,0,0,0,0,31,35,8.72,5.61,12.89,999.9,0,0,8655535,400,30,1.01,11.55,3.1,0.775,0,12.81,20.23,80.8,84.7,82692,N/A,4.121,N/A
25-01-2020,,Israel,0,0,0,0,31,35,7.83,3.28,14.28,999.9,0,0,8655535,400,30,1.01,11.55,3.1,0.775,0,12.81,20.23,80.8,84.7,82692,N/A,4.121,N/A
26-01-2020,,Israel,0,0,0,0,31,35,8.89,2.5,16.39,999.9,0,0,8655535,400,30,1.01,11.55,3.1,0.775,0,12.81,20.23,80.8,84.7,82692,N/A,4.121,N/A
27-01-2020,,Israel,0,0,0,0,31,35,10.33,3.61,18.61,999.9,0,0,8655535,400,30,1.01,11.55,3.1,0.775,0,12.81,20.23,80.8,84.7,82692,N/A,4.121,N/A
28-01-2020,,Israel,0,0,0,0,31,35,11.61,7.72,17.11,999.9,0,0,8655535,400,30,1.01,11.55,3.1,0.775,0,12.81,20.23,80.8,84.7,82692,N/A,4.121,N/A
29-01-2020,,Israel,0,0,0,0,31,35,12.11,8.72,16.89,999.9,0,0,8655535,400,30,1.01,11.55,3.1,0.775,0,12.81,20.23,80.8,84.7,82692,N/A,4.121,N/A
30-01-2020,,Israel,0,0,0,0,31,35,11.67,6.11,18.78,999.9,0,0,8655535,400,30,1.01,11.55,3.1,0.775,0,12.81,20.23,80.8,84.7,82692,N/A,4.121,N/A
31-01-2020,,Israel,0,0,0,0,31,35,11.17,7.61,16.72,999.9,0,0,8655535,400,30,1.01,11.55,3.1,0.775,0,12.81,20.23,80.8,84.7,82692,N/A,4.121,N/A
01-02-2020,,Israel,0,0,0,0,31,35,10.94,7.11,15.28,999.9,0,0,8655535,400,30,1.01,11.55,3.1,0.775,0,12.81,20.23,80.8,84.7,82692,N/A,4.121,N/A
02-02-2020,,Israel,0,0,0,0,31,35,13.22,9.78,18.78,999.9,0,0,8655535,400,30,1.01,11.55,3.1,0.775,0,12.81,20.23,80.8,84.7,82692,N/A,4.121,N/A
03-02-2020,,Israel,0,0,0,0,31,35,11.83,5.78,18.28,999.9,0,0,8655535,400,30,1.01,11.55,3.1,0.775,0,12.81,20.23,80.8,84.7,82692,N/A,4.121,N/A
04-02-2020,,Israel,0,0,0,0,31,35,12.67,8.28,18.28,999.9,0,0,8655535,400,30,1.01,11.55,3.1,0.775,0,12.81,20.23,80.8,84.7,82692,N/A,4.121,N/A
05-02-2020,,Israel,0,0,0,0,31,35,13.67,6.5,20.5,999.9,0,0,8655535,400,30,1.01,11.55,3.1,0.775,0,12.81,20.23,80.8,84.7,82692,N/A,4.121,N/A
06-02-2020,,Israel,0,0,0,0,31,35,15.28,8.72,23.78,999.9,0,0,8655535,400,30,1.01,11.55,3.1,0.775,0,12.81,20.23,80.8,84.7,82692,N/A,4.121,N/A
07-02-2020,,Israel,0,0,0,0,31,35,12.22,8.72,15.5,999.9,0,0,8655535,400,30,1.01,11.55,3.1,0.775,0,12.81,20.23,80.8,84.7,82692,N/A,4.121,N/A
08-02-2020,,Israel,0,0,0,0,31,35,9.78,8.5,12.61,999.9,0,0,8655535,400,30,1.01,11.55,3.1,0.775,0,12.81,20.23,80.8,84.7,82692,N/A,4.121,N/A
09-02-2020,,Israel,0,0,0,0,31,35,8,6.39,11,999.9,0,0,8655535,400,30,1.01,11.55,3.1,0.775,0,12.81,20.23,80.8,84.7,82692,N/A,4.121,N/A
10-02-2020,,Israel,0,0,0,0,31,35,7.61,5.28,10.78,999.9,0,0,8655535,400,30,1.01,11.55,3.1,0.775,0,12.81,20.23,80.8,84.7,82692,N/A,4.121,N/A
11-02-2020,,Israel,0,0,0,0,31,35,9.11,3.72,14.5,999.9,0,0,8655535,400,30,1.01,11.55,3.1,0.775,0,12.81,20.23,80.8,84.7,82692,N/A,4.121,N/A
12-02-2020,,Israel,0,0,0,0,31,35,13.11,7.78,18.72,999.9,0,0,8655535,400,30,1.01,11.55,3.1,0.775,0,12.81,20.23,80.8,84.7,82692,N/A,4.121,N/A
13-02-2020,,Israel,0,0,0,0,31,35,12.83,7.28,21.39,999.9,0,0,8655535,400,30,1.01,11.55,3.1,0.775,0,12.81,20.23,80.8,84.7,82692,N/A,4.121,N/A
14-02-2020,,Israel,0,0,0,0,31,35,15.11,7.5,21.22,999.9,0,0,8655535,400,30,1.01,11.55,3.1,0.775,0,12.81,20.23,80.8,84.7,82692,N/A,4.121,N/A
15-02-2020,,Israel,0,0,0,0,31,35,16.11,10.22,24.22,999.9,0,0,8655535,400,30,1.01,11.55,3.1,0.775,0,12.81,20.23,80.8,84.7,82692,N/A,4.121,N/A
16-02-2020,,Israel,0,0,0,0,31,35,12.83,9.39,17.78,999.9,0,0,8655535,400,30,1.01,11.55,3.1,0.775,0,12.81,20.23,80.8,84.7,82692,N/A,4.121,N/A
17-02-2020,,Israel,0,0,0,0,31,35,13.89,10.39,19.72,999.9,0,0,8655535,400,30,1.01,11.55,3.1,0.775,0,12.81,20.23,80.8,84.7,82692,N/A,4.121,N/A
18-02-2020,,Israel,0,0,0,0,31,35,13.94,8.39,21.72,999.9,0,0,8655535,400,30,1.01,11.55,3.1,0.775,0,12.81,20.23,80.8,84.7,82692,N/A,4.121,N/A
19-02-2020,,Israel,0,0,0,0,31,35,12.67,11.39,15.28,999.9,0,0,8655535,400,30,1.01,11.55,3.1,0.775,0,12.81,20.23,80.8,84.7,82692,N/A,4.121,N/A
20-02-2020,,Israel,0,0,0,0,31,35,12.67,9.22,17,999.9,0,0,8655535,400,30,1.01,11.55,3.1,0.775,0,12.81,20.23,80.8,84.7,82692,N/A,4.121,N/A
21-02-2020,,Israel,1,0,1,0,31,35,13.28,7.11,20.28,999.9,0,0,8655535,400,30,1.01,11.55,3.1,0.775,0.000115533,12.81,20.23,80.8,84.7,82692,N/A,4.121,N/A
22-02-2020,,Israel,1,0,0,0,31,35,12.72,9.39,16.89,999.9,0,0,8655535,400,30,1.01,11.55,3.1,0.775,0.000115533,12.81,20.23,80.8,84.7,82692,N/A,4.121,N/A
23-02-2020,,Israel,1,0,0,0,31,35,12,6.78,19.5,999.9,0,0,8655535,400,30,1.01,11.55,3.1,0.775,0.000115533,12.81,20.23,80.8,84.7,82692,N/A,4.121,N/A
24-02-2020,,Israel,1,0,0,0,31,35,12.11,7.22,16.11,999.9,0,0,8655535,400,30,1.01,11.55,3.1,0.775,0.000115533,12.81,20.23,80.8,84.7,82692,N/A,4.121,N/A
25-02-2020,,Israel,1,0,0,0,31,35,12.72,11,16.89,999.9,0,0,8655535,400,30,1.01,11.55,3.1,0.775,0.000115533,12.81,20.23,80.8,84.7,82692,N/A,4.121,N/A
26-02-2020,,Israel,2,0,1,0,31,35,13.61,10,19.28,999.9,0,0,8655535,400,30,1.01,11.55,3.1,0.775,0.000231066,12.81,20.23,80.8,84.7,82692,N/A,4.121,N/A
27-02-2020,,Israel,3,0,1,0,31,35,14.83,7.61,23.11,999.9,0,0,8655535,400,30,1.01,11.55,3.1,0.775,0.000346599,12.81,20.23,80.8,84.7,82692,N/A,4.121,N/A
28-02-2020,,Israel,4,0,1,0,31,35,16.78,9.5,24.22,999.9,0,0,8655535,400,30,1.01,11.55,3.1,0.775,0.000462132,12.81,20.23,80.8,84.7,82692,N/A,4.121,N/A
29-02-2020,,Israel,7,0,3,0,31,35,14.22,8.89,19,999.9,0,0,8655535,400,30,1.01,11.55,3.1,0.775,0.000808731,12.81,20.23,80.8,84.7,82692,N/A,4.121,N/A
01-03-2020,,Israel,10,0,3,0,31,35,12.94,10.11,16.39,999.9,0,0,8655535,400,30,1.01,11.55,3.1,0.775,0.00115533,12.81,20.23,80.8,84.7,82692,N/A,4.121,N/A
02-03-2020,,Israel,10,0,0,0,31,35,12.89,9.22,18.11,999.9,0,0,8655535,400,30,1.01,11.55,3.1,0.775,0.00115533,12.81,20.23,80.8,84.7,82692,N/A,4.121,N/A
03-03-2020,,Israel,12,0,2,0,31,35,13.5,6.22,22.72,999.9,0,0,8655535,400,30,1.01,11.55,3.1,0.775,0.001386396,12.81,20.23,80.8,84.7,82692,N/A,4.121,N/A
04-03-2020,,Israel,15,0,3,0,31,35,19,9.22,29,999.9,0,0,8655535,400,30,1.01,11.55,3.1,0.775,0.001732995,12.81,20.23,80.8,84.7,82692,N/A,4.121,N/A
05-03-2020,,Israel,20,0,5,0,31,35,21.39,10,29.22,999.9,0,0,8655535,400,30,1.01,11.55,3.1,0.775,0.00231066,12.81,20.23,80.8,84.7,82692,N/A,4.121,N/A
06-03-2020,,Israel,37,0,17,0,31,35,13.33,9.61,18.28,999.9,0,0,8655535,400,30,1.01,11.55,3.1,0.775,0.004274721,12.81,20.23,80.8,84.7,82692,N/A,4.121,N/A
07-03-2020,,Israel,43,0,6,0,31,35,14.17,10.89,19.5,999.9,0,0,8655535,400,30,1.01,11.55,3.1,0.775,0.004967919,12.81,20.23,80.8,84.7,82692,N/A,4.121,N/A
08-03-2020,,Israel,61,0,18,0,31,35,16.61,7.28,26.61,999.9,0,0,8655535,400,30,1.01,11.55,3.1,0.775,0.007047514,12.81,20.23,80.8,84.7,82692,N/A,4.121,N/A
09-03-2020,,Israel,61,0,0,0,31,35,20.72,11.72,29.11,999.9,0,0,8655535,400,30,1.01,11.55,3.1,0.775,0.007047514,12.81,20.23,80.8,84.7,82692,N/A,4.121,N/A
10-03-2020,,Israel,75,0,14,0,31,35,15.83,12.78,21.5,999.9,0,0,8655535,400,30,1.01,11.55,3.1,0.775,0.008664976,12.81,20.23,80.8,84.7,82692,N/A,4.121,N/A
11-03-2020,,Israel,79,0,4,0,31,35,15.72,10.22,26.5,999.9,0,0,8655535,400,30,1.01,11.55,3.1,0.775,0.009127108,12.81,20.23,80.8,84.7,82692,N/A,4.121,N/A
12-03-2020,,Israel,100,0,21,0,31,35,20,15.5,27.61,999.9,0,0,8655535,400,30,1.01,11.55,3.1,0.775,0.011553301,12.81,20.23,80.8,84.7,82692,N/A,4.121,N/A
13-03-2020,,Israel,126,0,26,0,31,35,14.22,12.5,18,999.9,0,0,8655535,400,30,1.01,11.55,3.1,0.775,0.014557159,12.81,20.23,80.8,84.7,82692,N/A,4.121,N/A
14-03-2020,,Israel,155,0,29,0,31,35,14.44,12.5,17.78,999.9,0,0,8655535,400,30,1.01,11.55,3.1,0.775,0.017907616,12.81,20.23,80.8,84.7,82692,N/A,4.121,N/A
15-03-2020,,Israel,213,0,58,0,31,35,16.33,11.28,22.78,999.9,0,0,8655535,400,30,1.01,11.55,3.1,0.775,0.024608531,12.81,20.23,80.8,84.7,82692,N/A,4.121,N/A
16-03-2020,,Israel,218,0,5,0,31,35,16.56,11.28,24,999.9,0,0,8655535,400,30,1.01,11.55,3.1,0.775,0.025186196,12.81,20.23,80.8,84.7,82692,N/A,4.121,N/A
17-03-2020,,Israel,250,0,32,0,31,35,14.11,10,19.5,999.9,0,0,8655535,400,30,1.01,11.55,3.1,0.775,0.028883252,12.81,20.23,80.8,84.7,82692,N/A,4.121,N/A
18-03-2020,,Israel,304,0,54,0,31,35,11.72,8.72,15.72,999.9,0.31,0,8655535,400,30,1.01,11.55,3.1,0.775,0.035122035,12.81,20.23,80.8,84.7,82692,N/A,4.121,N/A
19-03-2020,,Israel,427,0,123,0,31,35,12.78,9.5,16.5,999.9,0,0,8655535,400,30,1.01,11.55,3.1,0.775,0.049332595,12.81,20.23,80.8,84.7,82692,N/A,4.121,N/A
20-03-2020,,Israel,529,0,102,0,31,35,10.22,8,14.11,999.9,0.01,0,8655535,400,30,1.01,11.55,3.1,0.775,0.061116962,12.81,20.23,80.8,84.7,82692,N/A,4.121,N/A
21-03-2020,,Israel,712,1,183,1,31,35,9.11,6.89,12.78,999.9,0,0,8655535,400,30,1.01,11.55,3.1,0.775,0.082259502,12.81,20.23,80.8,84.7,82692,N/A,4.121,N/A
22-03-2020,,Israel,883,1,171,0,31,35,12.06,6.11,17.89,999.9,0,0,8655535,400,30,1.01,11.55,3.1,0.775,0.102015647,12.81,20.23,80.8,84.7,82692,N/A,4.121,N/A
23-03-2020,,Israel,1071,1,188,0,31,35,16.5,6.72,26.28,999.9,0,0,8655535,400,30,1.01,11.55,3.1,0.775,0.123735852,12.81,20.23,80.8,84.7,82692,N/A,4.121,N/A
24-03-2020,,Israel,1238,3,167,2,31,35,16.67,11.61,23.28,999.9,0,0,8655535,400,30,1.01,11.55,3.1,0.775,0.143029865,12.81,20.23,80.8,84.7,82692,N/A,4.121,N/A
25-03-2020,,Israel,2369,5,1131,2,31,35,14.61,12.11,20.78,999.9,0,0,8655535,400,30,1.01,11.55,3.1,0.775,0.273697697,12.81,20.23,80.8,84.7,82692,N/A,4.121,N/A
26-03-2020,,Israel,2693,8,324,3,31,35,17.83,8.5,25.72,999.9,0,0,8655535,400,30,1.01,11.55,3.1,0.775,0.311130392,12.81,20.23,80.8,84.7,82692,N/A,4.121,N/A
27-03-2020,,Israel,3035,12,342,4,31,35,19.39,14,28.72,999.9,0,0,8655535,400,30,1.01,11.55,3.1,0.775,0.350642681,12.81,20.23,80.8,84.7,82692,N/A,4.121,N/A
28-03-2020,,Israel,3619,12,584,0,31,35,15.94,12.61,19.89,999.9,0,0,8655535,400,30,1.01,11.55,3.1,0.775,0.418113958,12.81,20.23,80.8,84.7,82692,N/A,4.121,N/A
29-03-2020,,Israel,4247,15,628,3,31,35,16.22,9.72,22.72,999.9,0,0,8655535,400,30,1.01,11.55,3.1,0.775,0.490668688,12.81,20.23,80.8,84.7,82692,N/A,4.121,N/A
30-03-2020,,Israel,4695,16,448,1,31,35,16.22,9.72,22.72,999.9,0,0,8655535,400,30,1.01,11.55,3.1,0.775,0.542427476,12.81,20.23,80.8,84.7,82692,N/A,4.121,N/A
