Date,State,Country,Cumulative_cases,Cumulative_death,Daily_cases,Daily_death,Latitude,Longitude,Temperature,Min_temperature,Max_temperature,Wind_speed,Precipitation,Fog_Presence,Population,Population Density/km,Median_Age,Sex_Ratio,Age%_65+,Hospital Beds/1000,Available Beds/1000,Confirmed Cases/1000,Lung Patients (F),Lung Patients (M),Life Expectancy (M),Life Expectancy (F),Total_tests_conducted,Out_Travels (mill.),In_travels(mill.),Domestic_Travels (mill.)
22-01-2020,,Lebanon,0,0,0,0,33.8547,35.8623,4.83,0.89,11.11,0,0,0,6825445,667,30,1,7.03,2.9,0.725,0,13.86,20.78,76.6,79.6,Not Reported,Not Reported,1.964,Not Reported
23-01-2020,,Lebanon,0,0,0,0,33.8547,35.8623,5.78,2.11,10.72,0,0,1,6825445,667,30,1,7.03,2.9,0.725,0,13.86,20.78,76.6,79.6,Not Reported,Not Reported,1.964,Not Reported
24-01-2020,,Lebanon,0,0,0,0,33.8547,35.8623,3.56,1.78,6.22,0,0.94,1,6825445,667,30,1,7.03,2.9,0.725,0,13.86,20.78,76.6,79.6,Not Reported,Not Reported,1.964,Not Reported
25-01-2020,,Lebanon,0,0,0,0,33.8547,35.8623,3.83,-2.72,11.39,0,0.01,0,6825445,667,30,1,7.03,2.9,0.725,0,13.86,20.78,76.6,79.6,Not Reported,Not Reported,1.964,Not Reported
26-01-2020,,Lebanon,0,0,0,0,33.8547,35.8623,5.39,-0.28,14.11,0,0,0,6825445,667,30,1,7.03,2.9,0.725,0,13.86,20.78,76.6,79.6,Not Reported,Not Reported,1.964,Not Reported
27-01-2020,,Lebanon,0,0,0,0,33.8547,35.8623,6.22,-1.61,13.28,0,0,0,6825445,667,30,1,7.03,2.9,0.725,0,13.86,20.78,76.6,79.6,Not Reported,Not Reported,1.964,Not Reported
28-01-2020,,Lebanon,0,0,0,0,33.8547,35.8623,8.28,2.39,16,0,0,1,6825445,667,30,1,7.03,2.9,0.725,0,13.86,20.78,76.6,79.6,Not Reported,Not Reported,1.964,Not Reported
29-01-2020,,Lebanon,0,0,0,0,33.8547,35.8623,7.94,5.89,12.28,0,0.59,1,6825445,667,30,1,7.03,2.9,0.725,0,13.86,20.78,76.6,79.6,Not Reported,Not Reported,1.964,Not Reported
30-01-2020,,Lebanon,0,0,0,0,33.8547,35.8623,7.22,4.22,10,0,0.12,1,6825445,667,30,1,7.03,2.9,0.725,0,13.86,20.78,76.6,79.6,Not Reported,Not Reported,1.964,Not Reported
31-01-2020,,Lebanon,0,0,0,0,33.8547,35.8623,6.11,4.5,8.72,0,0.83,1,6825445,667,30,1,7.03,2.9,0.725,0,13.86,20.78,76.6,79.6,Not Reported,Not Reported,1.964,Not Reported
01-02-2020,,Lebanon,0,0,0,0,33.8547,35.8623,6.22,3.78,10.11,0,0.12,1,6825445,667,30,1,7.03,2.9,0.725,0,13.86,20.78,76.6,79.6,Not Reported,Not Reported,1.964,Not Reported
02-02-2020,,Lebanon,0,0,0,0,33.8547,35.8623,7.11,1.28,14.72,0,0.04,0,6825445,667,30,1,7.03,2.9,0.725,0,13.86,20.78,76.6,79.6,Not Reported,Not Reported,1.964,Not Reported
03-02-2020,,Lebanon,0,0,0,0,33.8547,35.8623,8.33,3,16.22,0,0,0,6825445,667,30,1,7.03,2.9,0.725,0,13.86,20.78,76.6,79.6,Not Reported,Not Reported,1.964,Not Reported
04-02-2020,,Lebanon,0,0,0,0,33.8547,35.8623,7.94,4,12.78,0,0,1,6825445,667,30,1,7.03,2.9,0.725,0,13.86,20.78,76.6,79.6,Not Reported,Not Reported,1.964,Not Reported
05-02-2020,,Lebanon,0,0,0,0,33.8547,35.8623,11.06,7.72,17.11,0,0.01,0,6825445,667,30,1,7.03,2.9,0.725,0,13.86,20.78,76.6,79.6,Not Reported,Not Reported,1.964,Not Reported
06-02-2020,,Lebanon,0,0,0,0,33.8547,35.8623,10.61,4,17.11,0,0,0,6825445,667,30,1,7.03,2.9,0.725,0,13.86,20.78,76.6,79.6,Not Reported,Not Reported,1.964,Not Reported
07-02-2020,,Lebanon,0,0,0,0,33.8547,35.8623,6.56,4.78,9.89,0,0.16,1,6825445,667,30,1,7.03,2.9,0.725,0,13.86,20.78,76.6,79.6,Not Reported,Not Reported,1.964,Not Reported
08-02-2020,,Lebanon,0,0,0,0,33.8547,35.8623,3.28,1.39,6.11,0,1.26,1,6825445,667,30,1,7.03,2.9,0.725,0,13.86,20.78,76.6,79.6,Not Reported,Not Reported,1.964,Not Reported
09-02-2020,,Lebanon,0,0,0,0,33.8547,35.8623,1.11,-0.5,5.39,0,0.79,1,6825445,667,30,1,7.03,2.9,0.725,0,13.86,20.78,76.6,79.6,Not Reported,Not Reported,1.964,Not Reported
10-02-2020,,Lebanon,0,0,0,0,33.8547,35.8623,-0.33,-2.72,2,0,0,1,6825445,667,30,1,7.03,2.9,0.725,0,13.86,20.78,76.6,79.6,Not Reported,Not Reported,1.964,Not Reported
11-02-2020,,Lebanon,0,0,0,0,33.8547,35.8623,2.06,-3.5,6.28,0,0.04,1,6825445,667,30,1,7.03,2.9,0.725,0,13.86,20.78,76.6,79.6,Not Reported,Not Reported,1.964,Not Reported
12-02-2020,,Lebanon,0,0,0,0,33.8547,35.8623,7,3.22,8.28,0,0.24,1,6825445,667,30,1,7.03,2.9,0.725,0,13.86,20.78,76.6,79.6,Not Reported,Not Reported,1.964,Not Reported
13-02-2020,,Lebanon,0,0,0,0,33.8547,35.8623,7.89,3.39,12.11,0,0.24,0,6825445,667,30,1,7.03,2.9,0.725,0,13.86,20.78,76.6,79.6,Not Reported,Not Reported,1.964,Not Reported
14-02-2020,,Lebanon,0,0,0,0,33.8547,35.8623,5.83,1.22,10.89,0,0,0,6825445,667,30,1,7.03,2.9,0.725,0,13.86,20.78,76.6,79.6,Not Reported,Not Reported,1.964,Not Reported
15-02-2020,,Lebanon,0,0,0,0,33.8547,35.8623,7.11,3,16.39,0,0,0,6825445,667,30,1,7.03,2.9,0.725,0,13.86,20.78,76.6,79.6,Not Reported,Not Reported,1.964,Not Reported
16-02-2020,,Lebanon,0,0,0,0,33.8547,35.8623,4.89,1.89,10,0,0,1,6825445,667,30,1,7.03,2.9,0.725,0,13.86,20.78,76.6,79.6,Not Reported,Not Reported,1.964,Not Reported
17-02-2020,,Lebanon,0,0,0,0,33.8547,35.8623,7.28,3.11,15,0,0,1,6825445,667,30,1,7.03,2.9,0.725,0,13.86,20.78,76.6,79.6,Not Reported,Not Reported,1.964,Not Reported
18-02-2020,,Lebanon,0,0,0,0,33.8547,35.8623,9.17,3,15.28,0,0,1,6825445,667,30,1,7.03,2.9,0.725,0,13.86,20.78,76.6,79.6,Not Reported,Not Reported,1.964,Not Reported
19-02-2020,,Lebanon,0,0,0,0,33.8547,35.8623,8.72,6.72,12.72,0,0.12,1,6825445,667,30,1,7.03,2.9,0.725,0,13.86,20.78,76.6,79.6,Not Reported,Not Reported,1.964,Not Reported
20-02-2020,,Lebanon,0,0,0,0,33.8547,35.8623,9.56,6.28,12,0,0,0,6825445,667,30,1,7.03,2.9,0.725,0,13.86,20.78,76.6,79.6,Not Reported,Not Reported,1.964,Not Reported
21-02-2020,,Lebanon,1,0,1,0,33.8547,35.8623,9.44,6.89,15,0,0,1,6825445,667,30,1,7.03,2.9,0.725,0.000146511,13.86,20.78,76.6,79.6,Not Reported,Not Reported,1.964,Not Reported
22-02-2020,,Lebanon,1,0,0,0,33.8547,35.8623,6.67,4.39,9.5,0,0.55,1,6825445,667,30,1,7.03,2.9,0.725,0.000146511,13.86,20.78,76.6,79.6,Not Reported,Not Reported,1.964,Not Reported
23-02-2020,,Lebanon,1,0,0,0,33.8547,35.8623,8.56,5.39,12.28,0,0.24,1,6825445,667,30,1,7.03,2.9,0.725,0.000146511,13.86,20.78,76.6,79.6,Not Reported,Not Reported,1.964,Not Reported
24-02-2020,,Lebanon,1,0,0,0,33.8547,35.8623,10.61,5.72,16.72,0,0,0,6825445,667,30,1,7.03,2.9,0.725,0.000146511,13.86,20.78,76.6,79.6,Not Reported,Not Reported,1.964,Not Reported
25-02-2020,,Lebanon,1,0,0,0,33.8547,35.8623,10.39,7.22,16.22,0,0,0,6825445,667,30,1,7.03,2.9,0.725,0.000146511,13.86,20.78,76.6,79.6,Not Reported,Not Reported,1.964,Not Reported
26-02-2020,,Lebanon,2,0,1,0,33.8547,35.8623,10.72,7.72,15,0,0.01,0,6825445,667,30,1,7.03,2.9,0.725,0.000293021,13.86,20.78,76.6,79.6,Not Reported,Not Reported,1.964,Not Reported
27-02-2020,,Lebanon,2,0,0,0,33.8547,35.8623,16.17,13,19,4.4,0,0,6825445,667,30,1,7.03,2.9,0.725,0.000293021,13.86,20.78,76.6,79.6,Not Reported,Not Reported,1.964,Not Reported
28-02-2020,,Lebanon,2,0,0,0,33.8547,35.8623,14.22,5.78,20.78,0,0,0,6825445,667,30,1,7.03,2.9,0.725,0.000293021,13.86,20.78,76.6,79.6,Not Reported,Not Reported,1.964,Not Reported
29-02-2020,,Lebanon,4,0,2,0,33.8547,35.8623,8,4.11,12.61,0,0.2,1,6825445,667,30,1,7.03,2.9,0.725,0.000586042,13.86,20.78,76.6,79.6,Not Reported,Not Reported,1.964,Not Reported
01-03-2020,,Lebanon,10,0,6,0,33.8547,35.8623,6.17,3,9.61,0,0.91,1,6825445,667,30,1,7.03,2.9,0.725,0.001465106,13.86,20.78,76.6,79.6,Not Reported,Not Reported,1.964,Not Reported
02-03-2020,,Lebanon,13,0,3,0,33.8547,35.8623,9.61,5.72,15.72,0,0.01,0,6825445,667,30,1,7.03,2.9,0.725,0.001904638,13.86,20.78,76.6,79.6,Not Reported,Not Reported,1.964,Not Reported
03-03-2020,,Lebanon,13,0,0,0,33.8547,35.8623,10.89,2.78,20.5,0,0,0,6825445,667,30,1,7.03,2.9,0.725,0.001904638,13.86,20.78,76.6,79.6,Not Reported,Not Reported,1.964,Not Reported
04-03-2020,,Lebanon,13,0,0,0,33.8547,35.8623,14.72,7.22,22.61,0,0,0,6825445,667,30,1,7.03,2.9,0.725,0.001904638,13.86,20.78,76.6,79.6,Not Reported,Not Reported,1.964,Not Reported
05-03-2020,,Lebanon,16,0,3,0,33.8547,35.8623,16.56,9.5,22.61,0,0,0,6825445,667,30,1,7.03,2.9,0.725,0.00234417,13.86,20.78,76.6,79.6,Not Reported,Not Reported,1.964,Not Reported
06-03-2020,,Lebanon,22,0,6,0,33.8547,35.8623,10.56,7.5,19.5,0,0,1,6825445,667,30,1,7.03,2.9,0.725,0.003223233,13.86,20.78,76.6,79.6,Not Reported,Not Reported,1.964,Not Reported
07-03-2020,,Lebanon,22,0,0,0,33.8547,35.8623,12.61,6.72,18.78,0,0.55,0,6825445,667,30,1,7.03,2.9,0.725,0.003223233,13.86,20.78,76.6,79.6,Not Reported,Not Reported,1.964,Not Reported
08-03-2020,,Lebanon,32,0,10,0,33.8547,35.8623,14.72,6.39,23.89,0,0,0,6825445,667,30,1,7.03,2.9,0.725,0.004688339,13.86,20.78,76.6,79.6,Not Reported,Not Reported,1.964,Not Reported
09-03-2020,,Lebanon,32,0,0,0,33.8547,35.8623,16.67,10,22.89,1.4,0,0,6825445,667,30,1,7.03,2.9,0.725,0.004688339,13.86,20.78,76.6,79.6,Not Reported,Not Reported,1.964,Not Reported
10-03-2020,,Lebanon,41,1,9,1,33.8547,35.8623,15.89,10.5,22.78,2.8,0,0,6825445,667,30,1,7.03,2.9,0.725,0.006006934,13.86,20.78,76.6,79.6,Not Reported,Not Reported,1.964,Not Reported
11-03-2020,,Lebanon,61,3,20,2,33.8547,35.8623,16.78,8.28,26.5,0,0,0,6825445,667,30,1,7.03,2.9,0.725,0.008937146,13.86,20.78,76.6,79.6,Not Reported,Not Reported,1.964,Not Reported
12-03-2020,,Lebanon,61,3,0,0,33.8547,35.8623,16.89,13.72,22.61,1.6,0,1,6825445,667,30,1,7.03,2.9,0.725,0.008937146,13.86,20.78,76.6,79.6,Not Reported,Not Reported,1.964,Not Reported
13-03-2020,,Lebanon,77,3,16,0,33.8547,35.8623,13.06,9.72,18.22,4.3,0.16,1,6825445,667,30,1,7.03,2.9,0.725,0.011281316,13.86,20.78,76.6,79.6,Not Reported,Not Reported,1.964,Not Reported
14-03-2020,,Lebanon,93,3,16,0,33.8547,35.8623,10.61,9.39,18,0,0,0,6825445,667,30,1,7.03,2.9,0.725,0.013625485,13.86,20.78,76.6,79.6,Not Reported,Not Reported,1.964,Not Reported
15-03-2020,,Lebanon,110,3,17,0,33.8547,35.8623,13.28,7.39,21.78,0.9,0,0,6825445,667,30,1,7.03,2.9,0.725,0.016116165,13.86,20.78,76.6,79.6,Not Reported,Not Reported,1.964,Not Reported
16-03-2020,,Lebanon,110,3,0,0,33.8547,35.8623,13.5,8.5,20.11,1.9,0,0,6825445,667,30,1,7.03,2.9,0.725,0.016116165,13.86,20.78,76.6,79.6,Not Reported,Not Reported,1.964,Not Reported
17-03-2020,,Lebanon,120,3,10,0,33.8547,35.8623,9.28,5.28,16.78,3.3,0,1,6825445,667,30,1,7.03,2.9,0.725,0.017581271,13.86,20.78,76.6,79.6,Not Reported,Not Reported,1.964,Not Reported
18-03-2020,,Lebanon,133,3,13,0,33.8547,35.8623,5.78,4.11,7.39,7.9,0.91,1,6825445,667,30,1,7.03,2.9,0.725,0.019485909,13.86,20.78,76.6,79.6,Not Reported,Not Reported,1.964,Not Reported
19-03-2020,,Lebanon,157,4,24,1,33.8547,35.8623,5.78,2.22,9.72,7.7,0.08,1,6825445,667,30,1,7.03,2.9,0.725,0.023002163,13.86,20.78,76.6,79.6,Not Reported,Not Reported,1.964,Not Reported
20-03-2020,,Lebanon,163,4,6,0,33.8547,35.8623,3.89,1.5,6.89,3.6,0.51,1,6825445,667,30,1,7.03,2.9,0.725,0.023881227,13.86,20.78,76.6,79.6,Not Reported,Not Reported,1.964,Not Reported
21-03-2020,,Lebanon,187,4,24,0,33.8547,35.8623,5.83,2,11.28,1,0.35,1,6825445,667,30,1,7.03,2.9,0.725,0.027397481,13.86,20.78,76.6,79.6,Not Reported,Not Reported,1.964,Not Reported
22-03-2020,,Lebanon,248,4,61,0,33.8547,35.8623,8.39,2.11,14.89,1.6,0.01,0,6825445,667,30,1,7.03,2.9,0.725,0.036334627,13.86,20.78,76.6,79.6,Not Reported,Not Reported,1.964,Not Reported
23-03-2020,,Lebanon,267,4,19,0,33.8547,35.8623,12,3.11,21.5,0.2,0,0,6825445,667,30,1,7.03,2.9,0.725,0.039118329,13.86,20.78,76.6,79.6,Not Reported,Not Reported,1.964,Not Reported
24-03-2020,,Lebanon,318,4,51,0,33.8547,35.8623,13.56,7.78,20.39,2.4,0,0,6825445,667,30,1,7.03,2.9,0.725,0.046590369,13.86,20.78,76.6,79.6,Not Reported,Not Reported,1.964,Not Reported
25-03-2020,,Lebanon,333,6,15,2,33.8547,35.8623,12.28,6.5,19.61,2,0,0,6825445,667,30,1,7.03,2.9,0.725,0.048788028,13.86,20.78,76.6,79.6,Not Reported,Not Reported,1.964,Not Reported
26-03-2020,,Lebanon,368,6,35,0,33.8547,35.8623,13.94,6.72,21.11,0.5,0,0,6825445,667,30,1,7.03,2.9,0.725,0.053915899,13.86,20.78,76.6,79.6,Not Reported,Not Reported,1.964,Not Reported
27-03-2020,,Lebanon,391,8,23,2,33.8547,35.8623,16.22,12,22.39,1,0,0,6825445,667,30,1,7.03,2.9,0.725,0.057285642,13.86,20.78,76.6,79.6,Not Reported,Not Reported,1.964,Not Reported
28-03-2020,,Lebanon,412,8,21,0,33.8547,35.8623,12.44,9.39,16.61,7.6,0,0,6825445,667,30,1,7.03,2.9,0.725,0.060362365,13.86,20.78,76.6,79.6,Not Reported,Not Reported,1.964,Not Reported
29-03-2020,,Lebanon,438,10,26,2,33.8547,35.8623,10.83,8.5,16,10,0,1,6825445,667,30,1,7.03,2.9,0.725,0.06417164,13.86,20.78,76.6,79.6,Not Reported,Not Reported,1.964,Not Reported
30-03-2020,,Lebanon,446,11,8,1,33.8547,35.8623,10.83,8.5,16,10,0,1,6825445,667,30,1,7.03,2.9,0.725,0.065343725,13.86,20.78,76.6,79.6,Not Reported,Not Reported,1.964,Not Reported
