Date,State,Country,Cumulative_cases,Cumulative_death,Daily_cases,Daily_death,Latitude,Longitude,Temperature,Min_temperature,Max_temperature,Wind_speed,Precipitation,Fog_Presence,Population,Population Density/km,Median_Age,Sex_Ratio,Age%_65+,Hospital Beds/1000,Available Beds/1000,Confirmed Cases/1000,Lung Patients (F),Lung Patients (M),Median Age (Years),Life Expectancy (M),Life Expectancy (F),Total_tests_conducted,Out_Travels (mill.),In_travels(mill.),Domestic_Travels (mill.)
22-01-2020,,Oman,0,0,0,0,21,57,19.67,11.72,27.11,7.6,0,0,5106626,16,31,1.19,3.55,1.6,0.4,0,9.06,12.54,,73.9,78,,5975,3242,N/A
23-01-2020,,Oman,0,0,0,0,21,57,20.56,12.61,27.39,10.5,0,0,5106626,16,31,1.19,3.55,1.6,0.4,0,9.06,12.54,,73.9,78,,5975,3242,N/A
24-01-2020,,Oman,0,0,0,0,21,57,21.5,14.39,28.11,5.2,0,0,5106626,16,31,1.19,3.55,1.6,0.4,0,9.06,12.54,,73.9,78,,5975,3242,N/A
25-01-2020,,Oman,0,0,0,0,21,57,22.67,16.39,28.89,3.2,0,0,5106626,16,31,1.19,3.55,1.6,0.4,0,9.06,12.54,,73.9,78,,5975,3242,N/A
26-01-2020,,Oman,0,0,0,0,21,57,20,13.5,26.28,13.4,0,0,5106626,16,31,1.19,3.55,1.6,0.4,0,9.06,12.54,,73.9,78,,5975,3242,N/A
27-01-2020,,Oman,0,0,0,0,21,57,15.22,10.22,21.78,16.1,0,0,5106626,16,31,1.19,3.55,1.6,0.4,0,9.06,12.54,,73.9,78,,5975,3242,N/A
28-01-2020,,Oman,0,0,0,0,21,57,14.89,6.89,22.78,9.3,0,0,5106626,16,31,1.19,3.55,1.6,0.4,0,9.06,12.54,,73.9,78,,5975,3242,N/A
29-01-2020,,Oman,0,0,0,0,21,57,16.44,7.5,24.5,4.8,0,0,5106626,16,31,1.19,3.55,1.6,0.4,0,9.06,12.54,,73.9,78,,5975,3242,N/A
30-01-2020,,Oman,0,0,0,0,21,57,17.89,10.11,25.28,4.5,0,0,5106626,16,31,1.19,3.55,1.6,0.4,0,9.06,12.54,,73.9,78,,5975,3242,N/A
31-01-2020,,Oman,0,0,0,0,21,57,17.44,9.89,26.28,7.3,0,0,5106626,16,31,1.19,3.55,1.6,0.4,0,9.06,12.54,,73.9,78,,5975,3242,N/A
01-02-2020,,Oman,0,0,0,0,21,57,18.67,8.61,28,5.9,0,0,5106626,16,31,1.19,3.55,1.6,0.4,0,9.06,12.54,,73.9,78,,5975,3242,N/A
02-02-2020,,Oman,0,0,0,0,21,57,19.5,10.89,27,4.4,0,0,5106626,16,31,1.19,3.55,1.6,0.4,0,9.06,12.54,,73.9,78,,5975,3242,N/A
03-02-2020,,Oman,0,0,0,0,21,57,19.39,12.11,27.5,5.9,0,0,5106626,16,31,1.19,3.55,1.6,0.4,0,9.06,12.54,,73.9,78,,5975,3242,N/A
04-02-2020,,Oman,0,0,0,0,21,57,17.67,9.11,26,11,0,0,5106626,16,31,1.19,3.55,1.6,0.4,0,9.06,12.54,,73.9,78,,5975,3242,N/A
05-02-2020,,Oman,0,0,0,0,21,57,18.22,8.89,27.89,6.1,0,0,5106626,16,31,1.19,3.55,1.6,0.4,0,9.06,12.54,,73.9,78,,5975,3242,N/A
06-02-2020,,Oman,0,0,0,0,21,57,19.56,10.22,27.78,3.7,0,0,5106626,16,31,1.19,3.55,1.6,0.4,0,9.06,12.54,,73.9,78,,5975,3242,N/A
07-02-2020,,Oman,0,0,0,0,21,57,20.39,12.61,27.89,4.9,0,0,5106626,16,31,1.19,3.55,1.6,0.4,0,9.06,12.54,,73.9,78,,5975,3242,N/A
08-02-2020,,Oman,0,0,0,0,21,57,20.72,13,29.11,7.5,0,0,5106626,16,31,1.19,3.55,1.6,0.4,0,9.06,12.54,,73.9,78,,5975,3242,N/A
09-02-2020,,Oman,0,0,0,0,21,57,19.83,11.89,28.39,8.5,0,0,5106626,16,31,1.19,3.55,1.6,0.4,0,9.06,12.54,,73.9,78,,5975,3242,N/A
10-02-2020,,Oman,0,0,0,0,21,57,20.67,13.22,28.28,8.8,0,0,5106626,16,31,1.19,3.55,1.6,0.4,0,9.06,12.54,,73.9,78,,5975,3242,N/A
11-02-2020,,Oman,0,0,0,0,21,57,21.61,14.5,28.72,8.3,0.02,0,5106626,16,31,1.19,3.55,1.6,0.4,0,9.06,12.54,,73.9,78,,5975,3242,N/A
12-02-2020,,Oman,0,0,0,0,21,57,20.39,15.28,26.39,15.8,0,0,5106626,16,31,1.19,3.55,1.6,0.4,0,9.06,12.54,,73.9,78,,5975,3242,N/A
13-02-2020,,Oman,0,0,0,0,21,57,16.11,10.72,23.11,13.2,0,0,5106626,16,31,1.19,3.55,1.6,0.4,0,9.06,12.54,,73.9,78,,5975,3242,N/A
14-02-2020,,Oman,0,0,0,0,21,57,15.56,7.78,23.78,8.9,0,0,5106626,16,31,1.19,3.55,1.6,0.4,0,9.06,12.54,,73.9,78,,5975,3242,N/A
15-02-2020,,Oman,0,0,0,0,21,57,17.67,7.89,26.28,7.3,0,0,5106626,16,31,1.19,3.55,1.6,0.4,0,9.06,12.54,,73.9,78,,5975,3242,N/A
16-02-2020,,Oman,0,0,0,0,21,57,19.56,9.89,29.22,4.9,0,0,5106626,16,31,1.19,3.55,1.6,0.4,0,9.06,12.54,,73.9,78,,5975,3242,N/A
17-02-2020,,Oman,0,0,0,0,21,57,20.28,10.22,29,7.9,0,0,5106626,16,31,1.19,3.55,1.6,0.4,0,9.06,12.54,,73.9,78,,5975,3242,N/A
18-02-2020,,Oman,0,0,0,0,21,57,20.17,11.22,28.78,7.1,0,0,5106626,16,31,1.19,3.55,1.6,0.4,0,9.06,12.54,,73.9,78,,5975,3242,N/A
19-02-2020,,Oman,0,0,0,0,21,57,20.39,10.22,30.5,6.4,0,0,5106626,16,31,1.19,3.55,1.6,0.4,0,9.06,12.54,,73.9,78,,5975,3242,N/A
20-02-2020,,Oman,0,0,0,0,21,57,21.89,12.61,31.78,9.6,0.01,0,5106626,16,31,1.19,3.55,1.6,0.4,0,9.06,12.54,,73.9,78,,5975,3242,N/A
21-02-2020,,Oman,0,0,0,0,21,57,23.44,16,31.78,11.3,0.01,0,5106626,16,31,1.19,3.55,1.6,0.4,0,9.06,12.54,,73.9,78,,5975,3242,N/A
22-02-2020,,Oman,0,0,0,0,21,57,19.22,15.39,24.22,10,0,0,5106626,16,31,1.19,3.55,1.6,0.4,0,9.06,12.54,,73.9,78,,5975,3242,N/A
23-02-2020,,Oman,0,0,0,0,21,57,23.44,15.89,31.72,7.9,0.01,0,5106626,16,31,1.19,3.55,1.6,0.4,0,9.06,12.54,,73.9,78,,5975,3242,N/A
24-02-2020,,Oman,2,0,2,0,21,57,23.11,14.78,32.61,7,0,0,5106626,16,31,1.19,3.55,1.6,0.4,0.000391648,9.06,12.54,,73.9,78,,5975,3242,N/A
25-02-2020,,Oman,2,0,0,0,21,57,24.56,17.72,34.22,8.5,0,0,5106626,16,31,1.19,3.55,1.6,0.4,0.000391648,9.06,12.54,,73.9,78,,5975,3242,N/A
26-02-2020,,Oman,4,0,2,0,21,57,25.22,18.22,34,9,0,0,5106626,16,31,1.19,3.55,1.6,0.4,0.000783296,9.06,12.54,,73.9,78,,5975,3242,N/A
27-02-2020,,Oman,4,0,0,0,21,57,23.33,17.89,29.5,8.1,0,0,5106626,16,31,1.19,3.55,1.6,0.4,0.000783296,9.06,12.54,,73.9,78,,5975,3242,N/A
28-02-2020,,Oman,4,0,0,0,21,57,20.83,14.5,28.39,9.7,0,0,5106626,16,31,1.19,3.55,1.6,0.4,0.000783296,9.06,12.54,,73.9,78,,5975,3242,N/A
29-02-2020,,Oman,6,0,2,0,21,57,19.94,10.28,28.78,6.3,0,0,5106626,16,31,1.19,3.55,1.6,0.4,0.001174944,9.06,12.54,,73.9,78,,5975,3242,N/A
01-03-2020,,Oman,6,0,0,0,21,57,21.72,11.28,30.89,5.5,0,0,5106626,16,31,1.19,3.55,1.6,0.4,0.001174944,9.06,12.54,,73.9,78,,5975,3242,N/A
02-03-2020,,Oman,6,0,0,0,21,57,22.72,13.78,31.22,6.6,0,0,5106626,16,31,1.19,3.55,1.6,0.4,0.001174944,9.06,12.54,,73.9,78,,5975,3242,N/A
03-03-2020,,Oman,12,0,6,0,21,57,24.06,15.78,31.61,4.5,0,0,5106626,16,31,1.19,3.55,1.6,0.4,0.002349888,9.06,12.54,,73.9,78,,5975,3242,N/A
04-03-2020,,Oman,15,0,3,0,21,57,21.33,14.39,30,11,0,0,5106626,16,31,1.19,3.55,1.6,0.4,0.00293736,9.06,12.54,,73.9,78,,5975,3242,N/A
05-03-2020,,Oman,16,0,1,0,21,57,19.06,10.22,28.78,8.6,0,0,5106626,16,31,1.19,3.55,1.6,0.4,0.003133184,9.06,12.54,,73.9,78,,5975,3242,N/A
06-03-2020,,Oman,16,0,0,0,21,57,20.94,11.11,29.39,4.2,0,0,5106626,16,31,1.19,3.55,1.6,0.4,0.003133184,9.06,12.54,,73.9,78,,5975,3242,N/A
07-03-2020,,Oman,16,0,0,0,21,57,22.28,13.61,30.28,7.4,0,0,5106626,16,31,1.19,3.55,1.6,0.4,0.003133184,9.06,12.54,,73.9,78,,5975,3242,N/A
08-03-2020,,Oman,16,0,0,0,21,57,22.89,14.39,30.5,6.8,0,0,5106626,16,31,1.19,3.55,1.6,0.4,0.003133184,9.06,12.54,,73.9,78,,5975,3242,N/A
09-03-2020,,Oman,16,0,0,0,21,57,23.28,14.28,31.61,6.8,0,0,5106626,16,31,1.19,3.55,1.6,0.4,0.003133184,9.06,12.54,,73.9,78,,5975,3242,N/A
10-03-2020,,Oman,18,0,2,0,21,57,22.33,14.78,28.78,7.7,0,0,5106626,16,31,1.19,3.55,1.6,0.4,0.003524832,9.06,12.54,,73.9,78,,5975,3242,N/A
11-03-2020,,Oman,18,0,0,0,21,57,22.44,13.72,30.39,8.7,0,0,5106626,16,31,1.19,3.55,1.6,0.4,0.003524832,9.06,12.54,,73.9,78,,5975,3242,N/A
12-03-2020,,Oman,18,0,0,0,21,57,23,15.61,30.22,4.3,0,0,5106626,16,31,1.19,3.55,1.6,0.4,0.003524832,9.06,12.54,,73.9,78,,5975,3242,N/A
13-03-2020,,Oman,19,0,1,0,21,57,23,15.61,30.22,4.3,0,0,5106626,16,31,1.19,3.55,1.6,0.4,0.003720656,9.06,12.54,,73.9,78,,5975,3242,N/A
14-03-2020,,Oman,19,0,0,0,21,57,22.11,13.39,30.11,11.1,0,0,5106626,16,31,1.19,3.55,1.6,0.4,0.003720656,9.06,12.54,,73.9,78,,5975,3242,N/A
15-03-2020,,Oman,22,0,3,0,21,57,22.11,13.39,30.11,11.1,0,0,5106626,16,31,1.19,3.55,1.6,0.4,0.004308128,9.06,12.54,,73.9,78,,5975,3242,N/A
16-03-2020,,Oman,22,0,0,0,21,57,23.72,17.28,30.72,11.6,0,0,5106626,16,31,1.19,3.55,1.6,0.4,0.004308128,9.06,12.54,,73.9,78,,5975,3242,N/A
17-03-2020,,Oman,24,0,2,0,21,57,23.83,16.89,31.28,8,0,0,5106626,16,31,1.19,3.55,1.6,0.4,0.004699776,9.06,12.54,,73.9,78,,5975,3242,N/A
18-03-2020,,Oman,39,0,15,0,21,57,24.06,16.72,32.61,10.6,0,0,5106626,16,31,1.19,3.55,1.6,0.4,0.007637137,9.06,12.54,,73.9,78,,5975,3242,N/A
19-03-2020,,Oman,48,0,9,0,21,57,25.5,17.78,34.28,12,0,0,5106626,16,31,1.19,3.55,1.6,0.4,0.009399553,9.06,12.54,,73.9,78,,5975,3242,N/A
20-03-2020,,Oman,48,0,0,0,21,57,27.89,22.22,35,9.6,0,0,5106626,16,31,1.19,3.55,1.6,0.4,0.009399553,9.06,12.54,,73.9,78,,5975,3242,N/A
21-03-2020,,Oman,52,0,4,0,21,57,28,22.22,37.61,14.6,0,0,5106626,16,31,1.19,3.55,1.6,0.4,0.010182849,9.06,12.54,,73.9,78,,5975,3242,N/A
22-03-2020,,Oman,55,0,3,0,21,57,27.78,22.89,35.11,16.6,0.05,0,5106626,16,31,1.19,3.55,1.6,0.4,0.010770321,9.06,12.54,,73.9,78,,5975,3242,N/A
23-03-2020,,Oman,66,0,11,0,21,57,21.72,18.78,24.5,7.4,0.48,0,5106626,16,31,1.19,3.55,1.6,0.4,0.012924385,9.06,12.54,,73.9,78,,5975,3242,N/A
24-03-2020,,Oman,84,0,18,0,21,57,20.78,14.72,28.5,9.9,0,0,5106626,16,31,1.19,3.55,1.6,0.4,0.016449217,9.06,12.54,,73.9,78,,5975,3242,N/A
25-03-2020,,Oman,99,0,15,0,21,57,20.33,14.28,25.89,5.1,0,0,5106626,16,31,1.19,3.55,1.6,0.4,0.019386577,9.06,12.54,,73.9,78,,5975,3242,N/A
26-03-2020,,Oman,109,0,10,0,21,57,22.39,13.22,30.5,4.2,0,0,5106626,16,31,1.19,3.55,1.6,0.4,0.021344817,9.06,12.54,,73.9,78,,5975,3242,N/A
27-03-2020,,Oman,131,0,22,0,21,57,24.67,15.72,33.11,7.7,0,0,5106626,16,31,1.19,3.55,1.6,0.4,0.025652946,9.06,12.54,,73.9,78,,5975,3242,N/A
28-03-2020,,Oman,152,0,21,0,21,57,25.72,19.5,33.78,12,0,0,5106626,16,31,1.19,3.55,1.6,0.4,0.02976525,9.06,12.54,,73.9,78,,5975,3242,N/A
29-03-2020,,Oman,167,0,15,0,21,57,25.72,19.61,33.28,16.9,0.01,0,5106626,16,31,1.19,3.55,1.6,0.4,0.03270261,9.06,12.54,,73.9,78,,5975,3242,N/A
30-03-2020,,Oman,179,0,12,0,21,57,25.72,19.61,33.28,16.9,0.01,0,5106626,16,31,1.19,3.55,1.6,0.4,0.035052498,9.06,12.54,,73.9,78,,5975,3242,N/A
