Date,State,Country,Cumulative_cases,Cumulative_death,Daily_cases,Daily_death,Latitude,Longitude,Temperature,Min_temperature,Max_temperature,Wind_speed,Precipitation,Fog_Presence,Population,Population Density/km,Median_Age,Sex_Ratio,Age%_65+,Hospital Beds/1000,Available Beds/1000,Confirmed Cases/1000,Lung Patients (F),Lung Patients (M),Life Expectancy (M),Life Expectancy (F),Total_tests_conducted,Out_Travels (mill.),In_travels(mill.),Domestic_Travels (mill.)
22-01-2020,,South Korea,1,0,0,0,36,128,1.22,-2.61,2.22,1.7,0,0,51269185,527,44,1,14.55,11.5,0.125,0.00021,6.6,16.23,79.4,85.8,431743,28.696,15.347,31.1153
23-01-2020,,South Korea,1,0,0,0,36,128,3.44,0.22,6,4.1,0.3,0,51269185,527,44,1,14.55,11.5,0.125,0.00021,6.6,16.23,79.4,85.8,431743,28.696,15.347,31.1153
24-01-2020,,South Korea,2,0,1,0,36,128,4.5,0.61,9.22,4.7,0,0,51269185,527,44,1,14.55,11.5,0.125,0.00021,6.6,16.23,79.4,85.8,431743,28.696,15.347,31.1153
25-01-2020,,South Korea,2,0,0,0,36,128,3.33,-1.39,7.72,2.3,0,0,51269185,527,44,1,14.55,11.5,0.125,0.00021,6.6,16.23,79.4,85.8,431743,28.696,15.347,31.1153
26-01-2020,,South Korea,3,0,1,0,36,128,5.56,-1.89,8.61,8,0,0,51269185,527,44,1,14.55,11.5,0.125,0.00021,6.6,16.23,79.4,85.8,431743,28.696,15.347,31.1153
27-01-2020,,South Korea,4,0,1,0,36,128,3.17,1.5,4.72,4.4,0.12,0,51269185,527,44,1,14.55,11.5,0.125,0.00021,6.6,16.23,79.4,85.8,431743,28.696,15.347,31.1153
28-01-2020,,South Korea,4,0,0,0,36,128,5.33,1.11,9.11,2.2,0.45,0,51269185,527,44,1,14.55,11.5,0.125,0.00021,6.6,16.23,79.4,85.8,431743,28.696,15.347,31.1153
29-01-2020,,South Korea,4,0,0,0,36,128,4.22,1.22,6.72,0.7,0,0,51269185,527,44,1,14.55,11.5,0.125,0.00021,6.6,16.23,79.4,85.8,431743,28.696,15.347,31.1153
30-01-2020,,South Korea,4,0,0,0,36,128,3.89,0.78,7.11,2.2,0,0,51269185,527,44,1,14.55,11.5,0.125,0.00021,6.6,16.23,79.4,85.8,431743,28.696,15.347,31.1153
31-01-2020,,South Korea,11,0,7,0,36,128,2.11,-2,6,6.1,0,0,51269185,527,44,1,14.55,11.5,0.125,0.000214554,6.6,16.23,79.4,85.8,431743,28.696,15.347,31.1153
01-02-2020,,South Korea,12,0,1,0,36,128,1.78,-2.78,4.5,4.2,0,0,51269185,527,44,1,14.55,11.5,0.125,0.000234059,6.6,16.23,79.4,85.8,431743,28.696,15.347,31.1153
02-02-2020,,South Korea,15,0,3,0,36,128,2.11,-2.39,6.11,5.3,0,0,51269185,527,44,1,14.55,11.5,0.125,0.000292573,6.6,16.23,79.4,85.8,431743,28.696,15.347,31.1153
03-02-2020,,South Korea,15,0,0,0,36,128,-1.06,-7,3.5,6.1,0,0,51269185,527,44,1,14.55,11.5,0.125,0.000292573,6.6,16.23,79.4,85.8,431743,28.696,15.347,31.1153
04-02-2020,,South Korea,16,0,1,0,36,128,0.11,-8.22,3.72,7.8,0,0,51269185,527,44,1,14.55,11.5,0.125,0.000312078,6.6,16.23,79.4,85.8,431743,28.696,15.347,31.1153
05-02-2020,,South Korea,19,0,3,0,36,128,-6.94,-10.89,-2.72,8.7,0.01,0,51269185,527,44,1,14.55,11.5,0.125,0.000370593,6.6,16.23,79.4,85.8,431743,28.696,15.347,31.1153
06-02-2020,,South Korea,23,0,4,0,36,128,-4.83,-11.22,0.22,2.8,0,0,51269185,527,44,1,14.55,11.5,0.125,0.000448613,6.6,16.23,79.4,85.8,431743,28.696,15.347,31.1153
07-02-2020,,South Korea,24,0,1,0,36,128,-0.61,-9.39,2,9.7,0,0,51269185,527,44,1,14.55,11.5,0.125,0.000468117,6.6,16.23,79.4,85.8,431743,28.696,15.347,31.1153
08-02-2020,,South Korea,24,0,0,0,36,128,-1.33,-7.5,3.72,7.6,0,0,51269185,527,44,1,14.55,11.5,0.125,0.000468117,6.6,16.23,79.4,85.8,431743,28.696,15.347,31.1153
09-02-2020,,South Korea,25,0,1,0,36,128,0.89,-7.89,4.22,7.8,0,0,51269185,527,44,1,14.55,11.5,0.125,0.000487622,6.6,16.23,79.4,85.8,431743,28.696,15.347,31.1153
10-02-2020,,South Korea,27,0,2,0,36,128,2.17,-4.39,9.5,4.1,0,0,51269185,527,44,1,14.55,11.5,0.125,0.000526632,6.6,16.23,79.4,85.8,431743,28.696,15.347,31.1153
11-02-2020,,South Korea,28,0,1,0,36,128,6.39,-5.11,12.61,2.1,0,0,51269185,527,44,1,14.55,11.5,0.125,0.000546137,6.6,16.23,79.4,85.8,431743,28.696,15.347,31.1153
12-02-2020,,South Korea,28,0,0,0,36,128,6.22,3.89,8.61,4.3,0.1,0,51269185,527,44,1,14.55,11.5,0.125,0.000546137,6.6,16.23,79.4,85.8,431743,28.696,15.347,31.1153
13-02-2020,,South Korea,28,0,0,0,36,128,5.44,2,9.5,4,0.38,0,51269185,527,44,1,14.55,11.5,0.125,0.000546137,6.6,16.23,79.4,85.8,431743,28.696,15.347,31.1153
14-02-2020,,South Korea,28,0,0,0,36,128,7.06,1.72,15.22,3.9,0,0,51269185,527,44,1,14.55,11.5,0.125,0.000546137,6.6,16.23,79.4,85.8,431743,28.696,15.347,31.1153
15-02-2020,,South Korea,28,0,0,0,36,128,9.5,2.72,13.61,7.5,0,0,51269185,527,44,1,14.55,11.5,0.125,0.000546137,6.6,16.23,79.4,85.8,431743,28.696,15.347,31.1153
16-02-2020,,South Korea,29,0,1,0,36,128,-2.06,-4.22,0.61,12.3,0.19,0,51269185,527,44,1,14.55,11.5,0.125,0.000565642,6.6,16.23,79.4,85.8,431743,28.696,15.347,31.1153
17-02-2020,,South Korea,30,0,1,0,36,128,-5.33,-7.5,-2.5,10.4,0.05,0,51269185,527,44,1,14.55,11.5,0.125,0.000585147,6.6,16.23,79.4,85.8,431743,28.696,15.347,31.1153
18-02-2020,,South Korea,31,0,1,0,36,128,-1.83,-7.5,1.72,8.1,0.01,0,51269185,527,44,1,14.55,11.5,0.125,0.000604652,6.6,16.23,79.4,85.8,431743,28.696,15.347,31.1153
19-02-2020,,South Korea,31,0,0,0,36,128,1.67,-5.22,8,3.6,0,0,51269185,527,44,1,14.55,11.5,0.125,0.000604652,6.6,16.23,79.4,85.8,431743,28.696,15.347,31.1153
20-02-2020,,South Korea,104,1,73,1,36,128,3.33,-3,11.5,3,0,0,51269185,527,44,1,14.55,11.5,0.125,0.002028509,6.6,16.23,79.4,85.8,431743,28.696,15.347,31.1153
21-02-2020,,South Korea,204,2,100,1,36,128,7.61,-3,13.61,3.6,0,0,51269185,527,44,1,14.55,11.5,0.125,0.003978998,6.6,16.23,79.4,85.8,431743,28.696,15.347,31.1153
22-02-2020,,South Korea,433,2,229,0,36,128,3.17,-1.22,7.5,12.6,0.11,0,51269185,527,44,1,14.55,11.5,0.125,0.008445619,6.6,16.23,79.4,85.8,431743,28.696,15.347,31.1153
23-02-2020,,South Korea,602,6,169,4,36,128,1.83,-4.22,7.22,4.4,0,0,51269185,527,44,1,14.55,11.5,0.125,0.011741946,6.6,16.23,79.4,85.8,431743,28.696,15.347,31.1153
24-02-2020,,South Korea,833,8,231,2,36,128,8.06,-4.61,15.11,2.7,0,0,51269185,527,44,1,14.55,11.5,0.125,0.016247576,6.6,16.23,79.4,85.8,431743,28.696,15.347,31.1153
25-02-2020,,South Korea,977,10,144,2,36,128,5.11,3.89,5.72,5.2,1.03,0,51269185,527,44,1,14.55,11.5,0.125,0.019056281,6.6,16.23,79.4,85.8,431743,28.696,15.347,31.1153
26-02-2020,,South Korea,1261,12,284,2,36,128,6.83,2.72,13.22,3.8,0.71,0,51269185,527,44,1,14.55,11.5,0.125,0.024595671,6.6,16.23,79.4,85.8,431743,28.696,15.347,31.1153
27-02-2020,,South Korea,1766,13,505,1,36,128,3.61,0.72,7.72,3.3,0,0,51269185,527,44,1,14.55,11.5,0.125,0.034445642,6.6,16.23,79.4,85.8,431743,28.696,15.347,31.1153
28-02-2020,,South Korea,2337,13,571,0,36,128,2.44,0.5,4,2.2,0.09,0,51269185,527,44,1,14.55,11.5,0.125,0.045582936,6.6,16.23,79.4,85.8,431743,28.696,15.347,31.1153
29-02-2020,,South Korea,3150,16,813,3,36,128,4.56,0.22,10.22,1.7,0.09,0,51269185,527,44,1,14.55,11.5,0.125,0.061440415,6.6,16.23,79.4,85.8,431743,28.696,15.347,31.1153
01-03-2020,,South Korea,3736,17,586,1,36,128,6.39,-0.5,11.61,6.4,0,0,51269185,527,44,1,14.55,11.5,0.125,0.072870283,6.6,16.23,79.4,85.8,431743,28.696,15.347,31.1153
02-03-2020,,South Korea,4335,28,599,11,36,128,2.89,-1.5,8.22,5.6,0,0,51269185,527,44,1,14.55,11.5,0.125,0.084553714,6.6,16.23,79.4,85.8,431743,28.696,15.347,31.1153
03-03-2020,,South Korea,5186,28,851,0,36,128,6.83,-1.72,11,4.5,0,0,51269185,527,44,1,14.55,11.5,0.125,0.101152378,6.6,16.23,79.4,85.8,431743,28.696,15.347,31.1153
04-03-2020,,South Korea,5621,35,435,7,36,128,1.28,-2,6.5,12.9,0,0,51269185,527,44,1,14.55,11.5,0.125,0.109637007,6.6,16.23,79.4,85.8,431743,28.696,15.347,31.1153
05-03-2020,,South Korea,6088,35,467,0,36,128,0.72,-5.22,6.22,6,0,0,51269185,527,44,1,14.55,11.5,0.125,0.118745792,6.6,16.23,79.4,85.8,431743,28.696,15.347,31.1153
06-03-2020,,South Korea,6593,42,505,7,36,128,3.89,-6.22,11.5,2.4,0,0,51269185,527,44,1,14.55,11.5,0.125,0.128595764,6.6,16.23,79.4,85.8,431743,28.696,15.347,31.1153
07-03-2020,,South Korea,7041,44,448,2,36,128,3.44,-1.78,8,1.7,0.02,0,51269185,527,44,1,14.55,11.5,0.125,0.137333956,6.6,16.23,79.4,85.8,431743,28.696,15.347,31.1153
08-03-2020,,South Korea,7314,50,273,6,36,128,6.5,-2.78,14.22,2.8,0.02,0,51269185,527,44,1,14.55,11.5,0.125,0.142658792,6.6,16.23,79.4,85.8,431743,28.696,15.347,31.1153
09-03-2020,,South Korea,7478,53,164,3,36,128,8.78,-0.5,13,2.5,0,0,51269185,527,44,1,14.55,11.5,0.125,0.145857595,6.6,16.23,79.4,85.8,431743,28.696,15.347,31.1153
10-03-2020,,South Korea,7513,54,35,1,36,128,4.28,0.5,7.5,9.8,0.27,0,51269185,527,44,1,14.55,11.5,0.125,0.146540266,6.6,16.23,79.4,85.8,431743,28.696,15.347,31.1153
11-03-2020,,South Korea,7755,60,242,6,36,128,2.94,-3.72,8,7.9,0.21,0,51269185,527,44,1,14.55,11.5,0.125,0.15126045,6.6,16.23,79.4,85.8,431743,28.696,15.347,31.1153
12-03-2020,,South Korea,7869,66,114,6,36,128,7.78,-4.61,15.5,4.3,0,0,51269185,527,44,1,14.55,11.5,0.125,0.153484008,6.6,16.23,79.4,85.8,431743,28.696,15.347,31.1153
13-03-2020,,South Korea,7979,66,110,0,36,128,4.94,-1.72,11.11,9.3,0,0,51269185,527,44,1,14.55,11.5,0.125,0.155629546,6.6,16.23,79.4,85.8,431743,28.696,15.347,31.1153
14-03-2020,,South Korea,8086,72,107,6,36,128,4.22,-2.11,8,8.5,0,0,51269185,527,44,1,14.55,11.5,0.125,0.15771657,6.6,16.23,79.4,85.8,431743,28.696,15.347,31.1153
15-03-2020,,South Korea,8162,75,76,3,36,128,3.06,-1.89,8.61,9.5,0,0,51269185,527,44,1,14.55,11.5,0.125,0.159198942,6.6,16.23,79.4,85.8,431743,28.696,15.347,31.1153
16-03-2020,,South Korea,8236,75,74,0,36,128,4.28,-2,9.11,7,0,0,51269185,527,44,1,14.55,11.5,0.125,0.160642304,6.6,16.23,79.4,85.8,431743,28.696,15.347,31.1153
17-03-2020,,South Korea,8320,81,84,6,36,128,7.44,-1,13.11,8.7,0,0,51269185,527,44,1,14.55,11.5,0.125,0.162280715,6.6,16.23,79.4,85.8,431743,28.696,15.347,31.1153
18-03-2020,,South Korea,8413,84,93,3,36,128,9,-1.5,17.11,3.2,0,0,51269185,527,44,1,14.55,11.5,0.125,0.16409467,6.6,16.23,79.4,85.8,431743,28.696,15.347,31.1153
19-03-2020,,South Korea,8565,91,152,7,36,128,8,1.28,15.61,17.5,0,0,51269185,527,44,1,14.55,11.5,0.125,0.167059414,6.6,16.23,79.4,85.8,431743,28.696,15.347,31.1153
20-03-2020,,South Korea,8652,94,87,3,36,128,8.06,3.28,14.61,5.7,0,0,51269185,527,44,1,14.55,11.5,0.125,0.16875634,6.6,16.23,79.4,85.8,431743,28.696,15.347,31.1153
21-03-2020,,South Korea,8799,102,147,8,36,128,16.67,1.5,22.61,7.8,0,0,51269185,527,44,1,14.55,11.5,0.125,0.171623559,6.6,16.23,79.4,85.8,431743,28.696,15.347,31.1153
22-03-2020,,South Korea,8961,111,162,9,36,128,11.39,4,18.5,6.8,0,0,51269185,527,44,1,14.55,11.5,0.125,0.174783352,6.6,16.23,79.4,85.8,431743,28.696,15.347,31.1153
23-03-2020,,South Korea,8961,111,0,0,36,128,9.56,0.5,16,7.1,0,0,51269185,527,44,1,14.55,11.5,0.125,0.174783352,6.6,16.23,79.4,85.8,431743,28.696,15.347,31.1153
24-03-2020,,South Korea,9037,120,76,9,36,128,8.94,-0.5,17.22,2.2,0,0,51269185,527,44,1,14.55,11.5,0.125,0.176265724,6.6,16.23,79.4,85.8,431743,28.696,15.347,31.1153
25-03-2020,,South Korea,9137,126,100,6,36,128,12.72,0.5,19.61,3,0,0,51269185,527,44,1,14.55,11.5,0.125,0.178216213,6.6,16.23,79.4,85.8,431743,28.696,15.347,31.1153
26-03-2020,,South Korea,9241,131,104,5,36,128,13.22,6.5,15.61,4.1,0.01,0,51269185,527,44,1,14.55,11.5,0.125,0.180244722,6.6,16.23,79.4,85.8,431743,28.696,15.347,31.1153
27-03-2020,,South Korea,9332,139,91,8,36,128,8.39,2.22,13.5,9.1,0.32,0,51269185,527,44,1,14.55,11.5,0.125,0.182019667,6.6,16.23,79.4,85.8,431743,28.696,15.347,31.1153
28-03-2020,,South Korea,9478,144,146,5,36,128,4.67,-2.22,10.11,4.1,0.01,0,51269185,527,44,1,14.55,11.5,0.125,0.184867382,6.6,16.23,79.4,85.8,431743,28.696,15.347,31.1153
29-03-2020,,South Korea,9583,152,105,8,36,128,8.22,-2.5,12.72,4.8,0,0,51269185,527,44,1,14.55,11.5,0.125,0.186915396,6.6,16.23,79.4,85.8,431743,28.696,15.347,31.1153
30-03-2020,,South Korea,9661,158,78,6,36,128,8.22,-2.5,12.72,4.8,0,0,51269185,527,44,1,14.55,11.5,0.125,0.188436777,6.6,16.23,79.4,85.8,431743,28.696,15.347,31.1153
