Date,State,Country,Cumulative_cases,Cumulative_death,Daily_cases,Daily_death,Latitude,Longitude,Temperature,Min_temperature,Max_temperature,Wind_speed,Precipitation,Fog_Presence,Population,Population Density/km,Median_Age,Sex_Ratio,Age%_65+,Hospital Beds/1000,Available Beds/1000,Confirmed Cases/1000,Lung Patients (F),Lung Patients (M),Life Expectancy (M),Life Expectancy (F),Total_tests_conducted,Out_Travels (mill.),In_travels(mill.),Domestic_Travels (mill.)
22-01-2020,,Thailand,2,0,2,0,15,101,28.5,19.78,37.28,0.7,0,0,69799978,137,40,0.97,10.97,2.1,0.525,2.86533E-05,12.91,41.67,71.9,78.5,,Not Reported,38.178,227.774
23-01-2020,,Thailand,3,0,1,0,15,101,29.67,21.89,37.61,2,0,0,69799978,137,40,0.97,10.97,2.1,0.525,4.298E-05,12.91,41.67,71.9,78.5,,Not Reported,38.178,227.774
24-01-2020,,Thailand,5,0,2,0,15,101,30.28,24.22,37,2.8,0,0,69799978,137,40,0.97,10.97,2.1,0.525,7.16333E-05,12.91,41.67,71.9,78.5,,Not Reported,38.178,227.774
25-01-2020,,Thailand,7,0,2,0,15,101,29.06,23.89,34.5,4.4,0,0,69799978,137,40,0.97,10.97,2.1,0.525,0.000100287,12.91,41.67,71.9,78.5,,Not Reported,38.178,227.774
26-01-2020,,Thailand,8,0,1,0,15,101,27.22,20.5,36.11,3.3,0,0,69799978,137,40,0.97,10.97,2.1,0.525,0.000114613,12.91,41.67,71.9,78.5,,Not Reported,38.178,227.774
27-01-2020,,Thailand,8,0,0,0,15,101,26.78,19.28,35.61,3.2,0,0,69799978,137,40,0.97,10.97,2.1,0.525,0.000114613,12.91,41.67,71.9,78.5,,Not Reported,38.178,227.774
28-01-2020,,Thailand,14,0,6,0,15,101,25.72,18.5,35.28,1.2,0,0,69799978,137,40,0.97,10.97,2.1,0.525,0.000200573,12.91,41.67,71.9,78.5,,Not Reported,38.178,227.774
29-01-2020,,Thailand,14,0,0,0,15,101,27.28,17.5,35.5,2.9,0,0,69799978,137,40,0.97,10.97,2.1,0.525,0.000200573,12.91,41.67,71.9,78.5,,Not Reported,38.178,227.774
30-01-2020,,Thailand,14,0,0,0,15,101,24.89,20.39,30.72,4.8,0,0,69799978,137,40,0.97,10.97,2.1,0.525,0.000200573,12.91,41.67,71.9,78.5,,Not Reported,38.178,227.774
31-01-2020,,Thailand,19,0,5,0,15,101,24,19.22,31.39,3.1,0,0,69799978,137,40,0.97,10.97,2.1,0.525,0.000272206,12.91,41.67,71.9,78.5,,Not Reported,38.178,227.774
01-02-2020,,Thailand,19,0,0,0,15,101,25.61,17.5,35,2.2,0,0,69799978,137,40,0.97,10.97,2.1,0.525,0.000272206,12.91,41.67,71.9,78.5,,Not Reported,38.178,227.774
02-02-2020,,Thailand,19,0,0,0,15,101,26.67,18.11,35.61,1.7,0,0,69799978,137,40,0.97,10.97,2.1,0.525,0.000272206,12.91,41.67,71.9,78.5,,Not Reported,38.178,227.774
03-02-2020,,Thailand,19,0,0,0,15,101,27.61,18.78,36.22,0.5,0,0,69799978,137,40,0.97,10.97,2.1,0.525,0.000272206,12.91,41.67,71.9,78.5,,Not Reported,38.178,227.774
04-02-2020,,Thailand,25,0,6,0,15,101,29.11,20.61,36,1.8,0,0,69799978,137,40,0.97,10.97,2.1,0.525,0.000358166,12.91,41.67,71.9,78.5,,Not Reported,38.178,227.774
05-02-2020,,Thailand,25,0,0,0,15,101,27.94,21.39,35,0.8,0,0,69799978,137,40,0.97,10.97,2.1,0.525,0.000358166,12.91,41.67,71.9,78.5,,Not Reported,38.178,227.774
06-02-2020,,Thailand,25,0,0,0,15,101,28.56,20.5,36.72,0.8,0,0,69799978,137,40,0.97,10.97,2.1,0.525,0.000358166,12.91,41.67,71.9,78.5,,Not Reported,38.178,227.774
07-02-2020,,Thailand,25,0,0,0,15,101,28.5,21.72,37.5,0.5,0,0,69799978,137,40,0.97,10.97,2.1,0.525,0.000358166,12.91,41.67,71.9,78.5,,Not Reported,38.178,227.774
08-02-2020,,Thailand,32,0,7,0,15,101,28.33,19.11,35.5,4,0,0,69799978,137,40,0.97,10.97,2.1,0.525,0.000458453,12.91,41.67,71.9,78.5,,Not Reported,38.178,227.774
09-02-2020,,Thailand,32,0,0,0,15,101,28.39,22.28,34.72,5,0,0,69799978,137,40,0.97,10.97,2.1,0.525,0.000458453,12.91,41.67,71.9,78.5,,Not Reported,38.178,227.774
10-02-2020,,Thailand,32,0,0,0,15,101,27.06,22.39,32.72,4.6,0,0,69799978,137,40,0.97,10.97,2.1,0.525,0.000458453,12.91,41.67,71.9,78.5,,Not Reported,38.178,227.774
11-02-2020,,Thailand,33,0,1,0,15,101,29.61,20.61,37.78,2.2,0,0,69799978,137,40,0.97,10.97,2.1,0.525,0.00047278,12.91,41.67,71.9,78.5,,Not Reported,38.178,227.774
12-02-2020,,Thailand,33,0,0,0,15,101,31.06,22.39,38.72,3.7,0,0,69799978,137,40,0.97,10.97,2.1,0.525,0.00047278,12.91,41.67,71.9,78.5,,Not Reported,38.178,227.774
13-02-2020,,Thailand,33,0,0,0,15,101,30.56,24.61,38,4.6,0,0,69799978,137,40,0.97,10.97,2.1,0.525,0.00047278,12.91,41.67,71.9,78.5,,Not Reported,38.178,227.774
14-02-2020,,Thailand,33,0,0,0,15,101,30.5,24.5,37.72,4.6,0,0,69799978,137,40,0.97,10.97,2.1,0.525,0.00047278,12.91,41.67,71.9,78.5,,Not Reported,38.178,227.774
15-02-2020,,Thailand,33,0,0,0,15,101,27.61,20,37.72,2.7,0,0,69799978,137,40,0.97,10.97,2.1,0.525,0.00047278,12.91,41.67,71.9,78.5,,Not Reported,38.178,227.774
16-02-2020,,Thailand,34,0,1,0,15,101,28.56,18.72,39,0.8,0,0,69799978,137,40,0.97,10.97,2.1,0.525,0.000487106,12.91,41.67,71.9,78.5,,Not Reported,38.178,227.774
17-02-2020,,Thailand,35,0,1,0,15,101,28.11,20,35,5.6,0,0,69799978,137,40,0.97,10.97,2.1,0.525,0.000501433,12.91,41.67,71.9,78.5,,Not Reported,38.178,227.774
18-02-2020,,Thailand,35,0,0,0,15,101,25.56,19.89,31.11,5.5,0,0,69799978,137,40,0.97,10.97,2.1,0.525,0.000501433,12.91,41.67,71.9,78.5,,Not Reported,38.178,227.774
19-02-2020,,Thailand,35,0,0,0,15,101,26,20.5,33.5,3.2,0,0,69799978,137,40,0.97,10.97,2.1,0.525,0.000501433,12.91,41.67,71.9,78.5,,Not Reported,38.178,227.774
20-02-2020,,Thailand,35,0,0,0,15,101,28.11,19.39,34.61,5.4,0,0,69799978,137,40,0.97,10.97,2.1,0.525,0.000501433,12.91,41.67,71.9,78.5,,Not Reported,38.178,227.774
21-02-2020,,Thailand,35,0,0,0,15,101,28.5,21.89,34.5,5.2,0,0,69799978,137,40,0.97,10.97,2.1,0.525,0.000501433,12.91,41.67,71.9,78.5,,Not Reported,38.178,227.774
22-02-2020,,Thailand,35,0,0,0,15,101,28.44,22.22,34.72,6.4,0,0,69799978,137,40,0.97,10.97,2.1,0.525,0.000501433,12.91,41.67,71.9,78.5,,Not Reported,38.178,227.774
23-02-2020,,Thailand,35,0,0,0,15,101,27.67,21.39,35,5,0,0,69799978,137,40,0.97,10.97,2.1,0.525,0.000501433,12.91,41.67,71.9,78.5,,Not Reported,38.178,227.774
24-02-2020,,Thailand,35,0,0,0,15,101,27.11,19.78,36.72,4.1,0,0,69799978,137,40,0.97,10.97,2.1,0.525,0.000501433,12.91,41.67,71.9,78.5,,Not Reported,38.178,227.774
25-02-2020,,Thailand,37,0,2,0,15,101,28,18,37.5,2,0,0,69799978,137,40,0.97,10.97,2.1,0.525,0.000530086,12.91,41.67,71.9,78.5,,Not Reported,38.178,227.774
26-02-2020,,Thailand,40,0,3,0,15,101,27.72,19.39,37,1.8,0,0,69799978,137,40,0.97,10.97,2.1,0.525,0.000573066,12.91,41.67,71.9,78.5,,Not Reported,38.178,227.774
27-02-2020,,Thailand,40,0,0,0,15,101,28,18.22,36.5,1.9,0,0,69799978,137,40,0.97,10.97,2.1,0.525,0.000573066,12.91,41.67,71.9,78.5,,Not Reported,38.178,227.774
28-02-2020,,Thailand,41,0,1,0,15,101,29.83,21.22,36.72,3,0,0,69799978,137,40,0.97,10.97,2.1,0.525,0.000587393,12.91,41.67,71.9,78.5,,Not Reported,38.178,227.774
29-02-2020,,Thailand,42,0,1,0,15,101,30.94,23.22,38.39,2.3,0,0,69799978,137,40,0.97,10.97,2.1,0.525,0.000601719,12.91,41.67,71.9,78.5,,Not Reported,38.178,227.774
01-03-2020,,Thailand,42,1,0,1,15,101,31.61,25.39,38.39,2.4,0,0,69799978,137,40,0.97,10.97,2.1,0.525,0.000601719,12.91,41.67,71.9,78.5,,Not Reported,38.178,227.774
02-03-2020,,Thailand,43,1,1,0,15,101,31.78,26,39.28,2.4,0,0,69799978,137,40,0.97,10.97,2.1,0.525,0.000616046,12.91,41.67,71.9,78.5,,Not Reported,38.178,227.774
03-03-2020,,Thailand,43,1,0,0,15,101,31.83,25.78,38.89,4.6,0,0,69799978,137,40,0.97,10.97,2.1,0.525,0.000616046,12.91,41.67,71.9,78.5,,Not Reported,38.178,227.774
04-03-2020,,Thailand,43,1,0,0,15,101,31.89,25.5,39.22,4.1,0,0,69799978,137,40,0.97,10.97,2.1,0.525,0.000616046,12.91,41.67,71.9,78.5,,Not Reported,38.178,227.774
05-03-2020,,Thailand,47,1,4,0,15,101,29.78,24.89,35.5,4.4,99.99,1,69799978,137,40,0.97,10.97,2.1,0.525,0.000673353,12.91,41.67,71.9,78.5,,Not Reported,38.178,227.774
06-03-2020,,Thailand,48,1,1,0,15,101,27.72,23.5,34.5,3,0.14,1,69799978,137,40,0.97,10.97,2.1,0.525,0.000687679,12.91,41.67,71.9,78.5,,Not Reported,38.178,227.774
07-03-2020,,Thailand,50,1,2,0,15,101,30.11,23,35.5,1.6,0.11,0,69799978,137,40,0.97,10.97,2.1,0.525,0.000716333,12.91,41.67,71.9,78.5,,Not Reported,38.178,227.774
08-03-2020,,Thailand,50,1,0,0,15,101,30.44,23.61,40.28,1.4,0,0,69799978,137,40,0.97,10.97,2.1,0.525,0.000716333,12.91,41.67,71.9,78.5,,Not Reported,38.178,227.774
09-03-2020,,Thailand,50,1,0,0,15,101,31.22,23,40.28,1.8,0,0,69799978,137,40,0.97,10.97,2.1,0.525,0.000716333,12.91,41.67,71.9,78.5,,Not Reported,38.178,227.774
10-03-2020,,Thailand,53,1,3,0,15,101,31.33,21.5,41,2.1,0,0,69799978,137,40,0.97,10.97,2.1,0.525,0.000759313,12.91,41.67,71.9,78.5,,Not Reported,38.178,227.774
11-03-2020,,Thailand,59,1,6,0,15,101,32.11,22.5,41.72,2,0,0,69799978,137,40,0.97,10.97,2.1,0.525,0.000845272,12.91,41.67,71.9,78.5,,Not Reported,38.178,227.774
12-03-2020,,Thailand,70,1,11,0,15,101,32.67,22.5,40.11,3.6,0,0,69799978,137,40,0.97,10.97,2.1,0.525,0.001002866,12.91,41.67,71.9,78.5,,Not Reported,38.178,227.774
13-03-2020,,Thailand,75,1,5,0,15,101,32.17,25.61,40.78,2.6,0,0,69799978,137,40,0.97,10.97,2.1,0.525,0.001074499,12.91,41.67,71.9,78.5,,Not Reported,38.178,227.774
14-03-2020,,Thailand,82,1,7,0,15,101,30.33,26.39,33.39,2.1,0,1,69799978,137,40,0.97,10.97,2.1,0.525,0.001174785,12.91,41.67,71.9,78.5,,Not Reported,38.178,227.774
15-03-2020,,Thailand,114,1,32,0,15,101,25.5,24.5,30.5,1,0.89,1,69799978,137,40,0.97,10.97,2.1,0.525,0.001633238,12.91,41.67,71.9,78.5,,Not Reported,38.178,227.774
16-03-2020,,Thailand,147,1,33,0,15,101,29.5,23.28,35.89,2,0,1,69799978,137,40,0.97,10.97,2.1,0.525,0.002106018,12.91,41.67,71.9,78.5,,Not Reported,38.178,227.774
17-03-2020,,Thailand,177,1,30,0,15,101,29.78,24.5,37.5,1.5,0,0,69799978,137,40,0.97,10.97,2.1,0.525,0.002535817,12.91,41.67,71.9,78.5,,Not Reported,38.178,227.774
18-03-2020,,Thailand,212,1,35,0,15,101,31.17,24.39,36.89,3.2,0,0,69799978,137,40,0.97,10.97,2.1,0.525,0.00303725,12.91,41.67,71.9,78.5,,Not Reported,38.178,227.774
19-03-2020,,Thailand,272,1,60,0,15,101,31.5,26.28,37.5,3.5,0,0,69799978,137,40,0.97,10.97,2.1,0.525,0.003896849,12.91,41.67,71.9,78.5,,Not Reported,38.178,227.774
20-03-2020,,Thailand,322,1,50,0,15,101,31.11,25,36.89,3.5,0,0,69799978,137,40,0.97,10.97,2.1,0.525,0.004613182,12.91,41.67,71.9,78.5,,Not Reported,38.178,227.774
21-03-2020,,Thailand,411,1,89,0,15,101,29.83,24.5,36.39,2.1,0,1,69799978,137,40,0.97,10.97,2.1,0.525,0.005888254,12.91,41.67,71.9,78.5,,Not Reported,38.178,227.774
22-03-2020,,Thailand,599,1,188,0,15,101,31.11,24.11,38,1.3,0,1,69799978,137,40,0.97,10.97,2.1,0.525,0.008581665,12.91,41.67,71.9,78.5,,Not Reported,38.178,227.774
23-03-2020,,Thailand,721,1,122,0,15,101,31.33,24.61,38.89,1.3,0,0,69799978,137,40,0.97,10.97,2.1,0.525,0.010329516,12.91,41.67,71.9,78.5,,Not Reported,38.178,227.774
24-03-2020,,Thailand,827,4,106,3,15,101,32.22,23.78,40.11,3.1,0,0,69799978,137,40,0.97,10.97,2.1,0.525,0.011848141,12.91,41.67,71.9,78.5,,Not Reported,38.178,227.774
25-03-2020,,Thailand,934,4,107,0,15,101,31.72,25.39,39.11,3.7,0,0,69799978,137,40,0.97,10.97,2.1,0.525,0.013381093,12.91,41.67,71.9,78.5,,Not Reported,38.178,227.774
26-03-2020,,Thailand,1045,4,111,0,15,101,31.72,25.22,39.72,3.9,0,0,69799978,137,40,0.97,10.97,2.1,0.525,0.014971351,12.91,41.67,71.9,78.5,,Not Reported,38.178,227.774
27-03-2020,,Thailand,1136,5,91,1,15,101,32.28,25.5,40,2.9,0,0,69799978,137,40,0.97,10.97,2.1,0.525,0.016275077,12.91,41.67,71.9,78.5,,Not Reported,38.178,227.774
28-03-2020,,Thailand,1245,6,109,1,15,101,31.78,24.5,38.72,1.5,0,0,69799978,137,40,0.97,10.97,2.1,0.525,0.017836682,12.91,41.67,71.9,78.5,,Not Reported,38.178,227.774
29-03-2020,,Thailand,1388,7,143,1,15,101,32.28,23.89,41.22,2.8,0,0,69799978,137,40,0.97,10.97,2.1,0.525,0.019885393,12.91,41.67,71.9,78.5,,Not Reported,38.178,227.774
30-03-2020,,Thailand,1524,9,136,2,15,101,32.28,23.89,41.22,2.8,0,0,69799978,137,40,0.97,10.97,2.1,0.525,0.021833818,12.91,41.67,71.9,78.5,,Not Reported,38.178,227.774
