Date,State,Country,Cumulative_cases,Cumulative_death,Daily_cases,Daily_death,Latitude,Longitude,Temperature,Min_temperature,Max_temperature,Wind_speed,Precipitation,Fog_Presence,Population,Population Density/km,Median_Age,Sex_Ratio,Age%_65+,Hospital Beds/1000,Available Beds/1000,Confirmed Cases/1000,Lung Patients (F),Lung Patients (M),Life Expectancy (M),Life Expectancy (F),Total_tests_conducted,Out_Travels (mill.),In_travels(mill.),Domestic_Travels (mill.)
22-01-2020,,United Arab Emirates,0,0,0,0,24,54,19.56,13.89,26,4.9,0,0,9890402,118,33,2.18,1.47,1.2,0.3,0,12.55,20.21,77.3,80.1,,18.904,21.286,Not Reported
23-01-2020,,United Arab Emirates,0,0,0,0,24,54,22,17.72,27,10,0,0,9890402,118,33,2.18,1.47,1.2,0.3,0,12.55,20.21,77.3,80.1,,18.904,21.286,Not Reported
24-01-2020,,United Arab Emirates,0,0,0,0,24,54,19.44,17.72,21,5.6,0,0,9890402,118,33,2.18,1.47,1.2,0.3,0,12.55,20.21,77.3,80.1,,18.904,21.286,Not Reported
25-01-2020,,United Arab Emirates,0,0,0,0,24,54,19.44,16.39,22,4.3,0,0,9890402,118,33,2.18,1.47,1.2,0.3,0,12.55,20.21,77.3,80.1,,18.904,21.286,Not Reported
26-01-2020,,United Arab Emirates,0,0,0,0,24,54,17.83,17,18.22,12.7,99.99,1,9890402,118,33,2.18,1.47,1.2,0.3,0,12.55,20.21,77.3,80.1,,18.904,21.286,Not Reported
27-01-2020,,United Arab Emirates,0,0,0,0,24,54,18.89,17,21,11.2,0,0,9890402,118,33,2.18,1.47,1.2,0.3,0,12.55,20.21,77.3,80.1,,18.904,21.286,Not Reported
28-01-2020,,United Arab Emirates,0,0,0,0,24,54,18.72,16,21.39,6.1,0,0,9890402,118,33,2.18,1.47,1.2,0.3,0,12.55,20.21,77.3,80.1,,18.904,21.286,Not Reported
29-01-2020,,United Arab Emirates,4,0,4,0,24,54,18.33,13.89,22,4.1,0,0,9890402,118,33,2.18,1.47,1.2,0.3,0.000404432,12.55,20.21,77.3,80.1,,18.904,21.286,Not Reported
30-01-2020,,United Arab Emirates,4,0,0,0,24,54,18.33,14,23,3.4,0,0,9890402,118,33,2.18,1.47,1.2,0.3,0.000404432,12.55,20.21,77.3,80.1,,18.904,21.286,Not Reported
31-01-2020,,United Arab Emirates,4,0,0,0,24,54,17.83,13.78,22,3.6,0,0,9890402,118,33,2.18,1.47,1.2,0.3,0.000404432,12.55,20.21,77.3,80.1,,18.904,21.286,Not Reported
01-02-2020,,United Arab Emirates,4,0,0,0,24,54,18.33,13,23.39,4,0,0,9890402,118,33,2.18,1.47,1.2,0.3,0.000404432,12.55,20.21,77.3,80.1,,18.904,21.286,Not Reported
02-02-2020,,United Arab Emirates,5,0,1,0,24,54,19.44,16,23.22,5,0,0,9890402,118,33,2.18,1.47,1.2,0.3,0.000505541,12.55,20.21,77.3,80.1,,18.904,21.286,Not Reported
03-02-2020,,United Arab Emirates,5,0,0,0,24,54,19.39,16.72,22,9.9,0,0,9890402,118,33,2.18,1.47,1.2,0.3,0.000505541,12.55,20.21,77.3,80.1,,18.904,21.286,Not Reported
04-02-2020,,United Arab Emirates,5,0,0,0,24,54,18.83,15,21.22,6.6,0,0,9890402,118,33,2.18,1.47,1.2,0.3,0.000505541,12.55,20.21,77.3,80.1,,18.904,21.286,Not Reported
05-02-2020,,United Arab Emirates,5,0,0,0,24,54,18.78,14,22,4,0,0,9890402,118,33,2.18,1.47,1.2,0.3,0.000505541,12.55,20.21,77.3,80.1,,18.904,21.286,Not Reported
06-02-2020,,United Arab Emirates,5,0,0,0,24,54,19.83,15,24,4,0,0,9890402,118,33,2.18,1.47,1.2,0.3,0.000505541,12.55,20.21,77.3,80.1,,18.904,21.286,Not Reported
07-02-2020,,United Arab Emirates,5,0,0,0,24,54,19.89,16.72,25,3.5,0,1,9890402,118,33,2.18,1.47,1.2,0.3,0.000505541,12.55,20.21,77.3,80.1,,18.904,21.286,Not Reported
08-02-2020,,United Arab Emirates,7,0,2,0,24,54,21.28,15.61,28,3.3,0,1,9890402,118,33,2.18,1.47,1.2,0.3,0.000707757,12.55,20.21,77.3,80.1,,18.904,21.286,Not Reported
09-02-2020,,United Arab Emirates,7,0,0,0,24,54,24.17,18,30,6.3,0,0,9890402,118,33,2.18,1.47,1.2,0.3,0.000707757,12.55,20.21,77.3,80.1,,18.904,21.286,Not Reported
10-02-2020,,United Arab Emirates,8,0,1,0,24,54,22.67,20.61,27,5.7,0,0,9890402,118,33,2.18,1.47,1.2,0.3,0.000808865,12.55,20.21,77.3,80.1,,18.904,21.286,Not Reported
11-02-2020,,United Arab Emirates,8,0,0,0,24,54,20.5,18,23,11.5,99.99,1,9890402,118,33,2.18,1.47,1.2,0.3,0.000808865,12.55,20.21,77.3,80.1,,18.904,21.286,Not Reported
12-02-2020,,United Arab Emirates,8,0,0,0,24,54,17.06,15,19,14.8,0,0,9890402,118,33,2.18,1.47,1.2,0.3,0.000808865,12.55,20.21,77.3,80.1,,18.904,21.286,Not Reported
13-02-2020,,United Arab Emirates,8,0,0,0,24,54,17.61,14,20,8.4,0,0,9890402,118,33,2.18,1.47,1.2,0.3,0.000808865,12.55,20.21,77.3,80.1,,18.904,21.286,Not Reported
14-02-2020,,United Arab Emirates,8,0,0,0,24,54,17.83,12.78,21.39,5,0,0,9890402,118,33,2.18,1.47,1.2,0.3,0.000808865,12.55,20.21,77.3,80.1,,18.904,21.286,Not Reported
15-02-2020,,United Arab Emirates,8,0,0,0,24,54,18.67,14,22.22,4.9,0,0,9890402,118,33,2.18,1.47,1.2,0.3,0.000808865,12.55,20.21,77.3,80.1,,18.904,21.286,Not Reported
16-02-2020,,United Arab Emirates,9,0,1,0,24,54,19.89,15.39,24,3.5,0,0,9890402,118,33,2.18,1.47,1.2,0.3,0.000909973,12.55,20.21,77.3,80.1,,18.904,21.286,Not Reported
17-02-2020,,United Arab Emirates,9,0,0,0,24,54,21.94,15.39,28.22,4.9,0,1,9890402,118,33,2.18,1.47,1.2,0.3,0.000909973,12.55,20.21,77.3,80.1,,18.904,21.286,Not Reported
18-02-2020,,United Arab Emirates,9,0,0,0,24,54,22.06,17,30,3.7,0,0,9890402,118,33,2.18,1.47,1.2,0.3,0.000909973,12.55,20.21,77.3,80.1,,18.904,21.286,Not Reported
19-02-2020,,United Arab Emirates,9,0,0,0,24,54,22.72,16,30,3.5,0,0,9890402,118,33,2.18,1.47,1.2,0.3,0.000909973,12.55,20.21,77.3,80.1,,18.904,21.286,Not Reported
20-02-2020,,United Arab Emirates,9,0,0,0,24,54,24.61,18.11,32,4.2,99.99,1,9890402,118,33,2.18,1.47,1.2,0.3,0.000909973,12.55,20.21,77.3,80.1,,18.904,21.286,Not Reported
21-02-2020,,United Arab Emirates,9,0,0,0,24,54,21.94,18.78,25,5.7,0,0,9890402,118,33,2.18,1.47,1.2,0.3,0.000909973,12.55,20.21,77.3,80.1,,18.904,21.286,Not Reported
22-02-2020,,United Arab Emirates,13,0,4,0,24,54,22.67,20,26,4.9,0,0,9890402,118,33,2.18,1.47,1.2,0.3,0.001314406,12.55,20.21,77.3,80.1,,18.904,21.286,Not Reported
23-02-2020,,United Arab Emirates,13,0,0,0,24,54,24.5,20.72,30,5.3,0,0,9890402,118,33,2.18,1.47,1.2,0.3,0.001314406,12.55,20.21,77.3,80.1,,18.904,21.286,Not Reported
24-02-2020,,United Arab Emirates,13,0,0,0,24,54,25.67,21.61,32,5.2,0,0,9890402,118,33,2.18,1.47,1.2,0.3,0.001314406,12.55,20.21,77.3,80.1,,18.904,21.286,Not Reported
25-02-2020,,United Arab Emirates,13,0,0,0,24,54,27.06,22,34,5.5,0,0,9890402,118,33,2.18,1.47,1.2,0.3,0.001314406,12.55,20.21,77.3,80.1,,18.904,21.286,Not Reported
26-02-2020,,United Arab Emirates,13,0,0,0,24,54,23.72,20,29.28,12.7,0,0,9890402,118,33,2.18,1.47,1.2,0.3,0.001314406,12.55,20.21,77.3,80.1,,18.904,21.286,Not Reported
27-02-2020,,United Arab Emirates,13,0,0,0,24,54,20.67,19,23,12.7,0,0,9890402,118,33,2.18,1.47,1.2,0.3,0.001314406,12.55,20.21,77.3,80.1,,18.904,21.286,Not Reported
28-02-2020,,United Arab Emirates,19,0,6,0,24,54,20.78,18.5,23.11,7.8,0,1,9890402,118,33,2.18,1.47,1.2,0.3,0.001921054,12.55,20.21,77.3,80.1,,18.904,21.286,Not Reported
29-02-2020,,United Arab Emirates,21,0,2,0,24,54,21.44,19,25,4.8,0,0,9890402,118,33,2.18,1.47,1.2,0.3,0.002123271,12.55,20.21,77.3,80.1,,18.904,21.286,Not Reported
01-03-2020,,United Arab Emirates,21,0,0,0,24,54,22.33,16.72,28,4.9,0,0,9890402,118,33,2.18,1.47,1.2,0.3,0.002123271,12.55,20.21,77.3,80.1,,18.904,21.286,Not Reported
02-03-2020,,United Arab Emirates,21,0,0,0,24,54,23.56,18.39,31,5.7,0,0,9890402,118,33,2.18,1.47,1.2,0.3,0.002123271,12.55,20.21,77.3,80.1,,18.904,21.286,Not Reported
03-03-2020,,United Arab Emirates,27,0,6,0,24,54,21.28,19,24,10.5,0,0,9890402,118,33,2.18,1.47,1.2,0.3,0.002729919,12.55,20.21,77.3,80.1,,18.904,21.286,Not Reported
04-03-2020,,United Arab Emirates,27,0,0,0,24,54,20.56,18,23.11,10.7,0,0,9890402,118,33,2.18,1.47,1.2,0.3,0.002729919,12.55,20.21,77.3,80.1,,18.904,21.286,Not Reported
05-03-2020,,United Arab Emirates,29,0,2,0,24,54,20.94,18.28,24,6.3,0,0,9890402,118,33,2.18,1.47,1.2,0.3,0.002932136,12.55,20.21,77.3,80.1,,18.904,21.286,Not Reported
06-03-2020,,United Arab Emirates,29,0,0,0,24,54,21.78,17.39,26,5.1,0,0,9890402,118,33,2.18,1.47,1.2,0.3,0.002932136,12.55,20.21,77.3,80.1,,18.904,21.286,Not Reported
07-03-2020,,United Arab Emirates,45,0,16,0,24,54,23,18.61,31,6,0,0,9890402,118,33,2.18,1.47,1.2,0.3,0.004549866,12.55,20.21,77.3,80.1,,18.904,21.286,Not Reported
08-03-2020,,United Arab Emirates,45,0,0,0,24,54,23.61,17.5,32,5.1,0,0,9890402,118,33,2.18,1.47,1.2,0.3,0.004549866,12.55,20.21,77.3,80.1,,18.904,21.286,Not Reported
09-03-2020,,United Arab Emirates,45,0,0,0,24,54,21.89,18.61,25,6.6,0,0,9890402,118,33,2.18,1.47,1.2,0.3,0.004549866,12.55,20.21,77.3,80.1,,18.904,21.286,Not Reported
10-03-2020,,United Arab Emirates,74,0,29,0,24,54,22.06,19,25.89,6,0,0,9890402,118,33,2.18,1.47,1.2,0.3,0.007482001,12.55,20.21,77.3,80.1,,18.904,21.286,Not Reported
11-03-2020,,United Arab Emirates,74,0,0,0,24,54,21.94,18,27,6.9,0,0,9890402,118,33,2.18,1.47,1.2,0.3,0.007482001,12.55,20.21,77.3,80.1,,18.904,21.286,Not Reported
12-03-2020,,United Arab Emirates,85,0,11,0,24,54,21.61,15.78,28,4.9,0,0,9890402,118,33,2.18,1.47,1.2,0.3,0.008594191,12.55,20.21,77.3,80.1,,18.904,21.286,Not Reported
13-03-2020,,United Arab Emirates,85,0,0,0,24,54,22.39,17,30.61,4.9,0,0,9890402,118,33,2.18,1.47,1.2,0.3,0.008594191,12.55,20.21,77.3,80.1,,18.904,21.286,Not Reported
14-03-2020,,United Arab Emirates,85,0,0,0,24,54,25.06,20.78,32.39,4.3,0,0,9890402,118,33,2.18,1.47,1.2,0.3,0.008594191,12.55,20.21,77.3,80.1,,18.904,21.286,Not Reported
15-03-2020,,United Arab Emirates,98,0,13,0,24,54,26.67,22,31.5,6.9,0,0,9890402,118,33,2.18,1.47,1.2,0.3,0.009908596,12.55,20.21,77.3,80.1,,18.904,21.286,Not Reported
16-03-2020,,United Arab Emirates,98,0,0,0,24,54,24.94,21.22,31.22,8.4,0,0,9890402,118,33,2.18,1.47,1.2,0.3,0.009908596,12.55,20.21,77.3,80.1,,18.904,21.286,Not Reported
17-03-2020,,United Arab Emirates,98,0,0,0,24,54,25.78,20.72,32,6.2,0,0,9890402,118,33,2.18,1.47,1.2,0.3,0.009908596,12.55,20.21,77.3,80.1,,18.904,21.286,Not Reported
18-03-2020,,United Arab Emirates,113,0,15,0,24,54,27.33,22.28,34,8.4,0,1,9890402,118,33,2.18,1.47,1.2,0.3,0.011425218,12.55,20.21,77.3,80.1,,18.904,21.286,Not Reported
19-03-2020,,United Arab Emirates,140,0,27,0,24,54,27.56,24.78,33,7.1,0.01,1,9890402,118,33,2.18,1.47,1.2,0.3,0.014155137,12.55,20.21,77.3,80.1,,18.904,21.286,Not Reported
20-03-2020,,United Arab Emirates,140,2,0,2,24,54,26.89,22.5,34,6.7,99.99,1,9890402,118,33,2.18,1.47,1.2,0.3,0.014155137,12.55,20.21,77.3,80.1,,18.904,21.286,Not Reported
21-03-2020,,United Arab Emirates,153,2,13,0,24,54,25.5,20.39,31,9.9,0.24,1,9890402,118,33,2.18,1.47,1.2,0.3,0.015469543,12.55,20.21,77.3,80.1,,18.904,21.286,Not Reported
22-03-2020,,United Arab Emirates,153,2,0,0,24,54,25.17,22,32,10.2,0.4,1,9890402,118,33,2.18,1.47,1.2,0.3,0.015469543,12.55,20.21,77.3,80.1,,18.904,21.286,Not Reported
23-03-2020,,United Arab Emirates,198,2,45,0,24,54,21.89,19.89,24,11.8,0.03,0,9890402,118,33,2.18,1.47,1.2,0.3,0.020019409,12.55,20.21,77.3,80.1,,18.904,21.286,Not Reported
24-03-2020,,United Arab Emirates,248,2,50,0,24,54,21.39,19,24.28,9.7,0,0,9890402,118,33,2.18,1.47,1.2,0.3,0.025074815,12.55,20.21,77.3,80.1,,18.904,21.286,Not Reported
25-03-2020,,United Arab Emirates,333,2,85,0,24,54,21,17,25,5,0,0,9890402,118,33,2.18,1.47,1.2,0.3,0.033669006,12.55,20.21,77.3,80.1,,18.904,21.286,Not Reported
26-03-2020,,United Arab Emirates,333,2,0,0,24,54,22.28,18,26.5,5.4,0,0,9890402,118,33,2.18,1.47,1.2,0.3,0.033669006,12.55,20.21,77.3,80.1,,18.904,21.286,Not Reported
27-03-2020,,United Arab Emirates,405,2,72,0,24,54,25.17,19.61,31,5.5,0,0,9890402,118,33,2.18,1.47,1.2,0.3,0.040948791,12.55,20.21,77.3,80.1,,18.904,21.286,Not Reported
28-03-2020,,United Arab Emirates,468,2,63,0,24,54,29.89,24.11,34.39,9.6,0,0,9890402,118,33,2.18,1.47,1.2,0.3,0.047318602,12.55,20.21,77.3,80.1,,18.904,21.286,Not Reported
29-03-2020,,United Arab Emirates,570,3,102,1,24,54,30.61,27.5,34.39,12.7,0,1,9890402,118,33,2.18,1.47,1.2,0.3,0.057631631,12.55,20.21,77.3,80.1,,18.904,21.286,Not Reported
30-03-2020,,United Arab Emirates,611,5,41,2,24,54,30.61,27.5,34.39,12.7,0,1,9890402,118,33,2.18,1.47,1.2,0.3,0.061777064,12.55,20.21,77.3,80.1,,18.904,21.286,Not Reported
